,flu,cough,fever,headache,lagnat,rashes,sipon,ubo,ecq,face-shield,Frontliners,masks,Quarantine,social-distancing,work-from-home
flu,0.0,-0.027938757628913277,0.10089971841924465,0.015274030612097882,0.17291899103046926,0.12386978452760677,-0.0565701845197751,0.2425603629212518,0.37168632060225293,0.4633025680682939,-0.457530809652884,0.31107472293679606,0.1456524719662226,0.024933981087834522,-0.0176903970528836
cough,-0.027938757628913277,0.0,-0.234503384731114,-0.029235913323586365,-0.017954132697655077,0.17722462637339848,0.18038730489025667,0.08213836017562462,-0.03671692088086861,-0.18237933857510646,-0.07498706397525391,-0.16593504371213197,-0.02719967794812198,-0.24451917279346908,-0.26167895324732865
fever,0.10089971841924465,-0.234503384731114,0.0,0.29404347398024855,0.12569432943238693,0.4230224947204039,-0.05619437912881521,0.1651076483417872,-0.18047369339236535,0.11685180473920899,0.08480246992473602,-0.3138412625697318,-0.13756209268571948,-0.01222094701708646,-0.07787059080030914
headache,0.015274030612097882,-0.029235913323586365,0.29404347398024855,0.0,-0.10298847038795361,0.2322034437244791,0.03419646336968316,-0.06406354537663167,-0.1626041250614686,0.036254098444543574,0.4039604380942006,-0.18739494611755567,-0.24734621380611477,0.19557498992508324,-0.14438134207022216
lagnat,0.17291899103046926,-0.017954132697655077,0.12569432943238693,-0.10298847038795361,0.0,-0.22852004197292972,0.01969099475390158,0.10255089232517534,0.13428917156699563,0.35267658964374127,-0.3300942211985747,0.13345622956413652,-0.13776214067848902,0.040967356268602644,0.2807236871713254
rashes,0.12386978452760677,0.17722462637339848,0.4230224947204039,0.2322034437244791,-0.22852004197292972,0.0,0.06145073048164377,0.31198088818313907,-0.3848011584759995,-0.12629272429155505,-0.11909516848540491,-0.3525094094828999,-0.24300594369089043,-0.02143593690064742,-0.4652653562397371
sipon,-0.0565701845197751,0.18038730489025667,-0.05619437912881521,0.03419646336968316,0.01969099475390158,0.06145073048164377,0.0,0.015139279037307399,-0.011682201190514727,0.05555188497230029,-0.015285458753851908,-0.23992388707562157,-0.1382438347463382,-0.01500106419262203,-0.13076103810739217
ubo,0.2425603629212518,0.08213836017562462,0.1651076483417872,-0.06406354537663167,0.10255089232517534,0.31198088818313907,0.015139279037307399,0.0,-0.1425927711504753,-0.10147210328428656,-0.3298640306599058,0.09485267476958001,-0.23973350680422123,-0.10242190632661802,0.24782217641610935
ecq,0.37168632060225293,-0.03671692088086861,-0.18047369339236535,-0.1626041250614686,0.13428917156699563,-0.3848011584759995,-0.011682201190514727,-0.1425927711504753,0.0,0.3244105231039887,-0.36593078903378995,0.11541480506388278,0.7817511706999751,-0.08064393126491379,0.3275629523082525
face-shield,0.4633025680682939,-0.18237933857510646,0.11685180473920899,0.036254098444543574,0.35267658964374127,-0.12629272429155505,0.05555188497230029,-0.10147210328428656,0.3244105231039887,0.0,-0.41418439527150064,0.2821730455318072,-0.03220782463412391,-0.02939643946597759,-0.04208445431824235
Frontliners,-0.457530809652884,-0.07498706397525391,0.08480246992473602,0.4039604380942006,-0.3300942211985747,-0.11909516848540491,-0.015285458753851908,-0.3298640306599058,-0.36593078903378995,-0.41418439527150064,0.0,-0.058536116236724466,-0.017847965435224766,0.05179918503172606,-0.12642761726675944
masks,0.31107472293679606,-0.16593504371213197,-0.3138412625697318,-0.18739494611755567,0.13345622956413652,-0.3525094094828999,-0.23992388707562157,0.09485267476958001,0.11541480506388278,0.2821730455318072,-0.058536116236724466,0.0,0.0752809912546696,0.19454827765116617,0.27853591607274736
Quarantine,0.1456524719662226,-0.02719967794812198,-0.13756209268571948,-0.24734621380611477,-0.13776214067848902,-0.24300594369089043,-0.1382438347463382,-0.23973350680422123,0.7817511706999751,-0.03220782463412391,-0.017847965435224766,0.0752809912546696,0.0,0.022897173339169675,0.1942916147534014
social-distancing,0.024933981087834522,-0.24451917279346908,-0.01222094701708646,0.19557498992508324,0.040967356268602644,-0.02143593690064742,-0.01500106419262203,-0.10242190632661802,-0.08064393126491379,-0.02939643946597759,0.05179918503172606,0.19454827765116617,0.022897173339169675,0.0,-0.03074014818666667
work-from-home,-0.0176903970528836,-0.26167895324732865,-0.07787059080030914,-0.14438134207022216,0.2807236871713254,-0.4652653562397371,-0.13076103810739217,0.24782217641610935,0.3275629523082525,-0.04208445431824235,-0.12642761726675944,0.27853591607274736,0.1942916147534014,-0.03074014818666667,0.0
