,flu,cough,fever,headache,lagnat,rashes,sipon,ubo,ecq,face-shield,Frontliners,masks,Quarantine,social-distancing,work-from-home
flu,0.0,0.4277813348575639,0.31840811411580744,0.27225936430631054,0.1798329601458327,-0.5510371014505411,0.05554124313007336,0.005509552867416418,-0.5909750834355006,0.5748780101058134,-0.3693260027324449,0.3832741058157288,-0.33126866349681516,0.3201372552931896,0.4339276721835812
cough,0.4277813348575639,0.0,0.6853119108690421,0.30808010644407635,0.07446139581879493,-0.4573445941497876,-0.09462447517366938,-0.1508430398722063,-0.7006394427967183,0.33400047260648996,-0.5557331632387339,0.53286682666513,-0.43696977973190254,-0.31566997075837383,0.4072025534249789
fever,0.31840811411580744,0.6853119108690421,0.0,0.12945245798346197,0.211114262845585,-0.22729551546710378,-0.21475857144884491,-0.21650570125211155,-0.7074226488313747,0.3314119754741973,-0.6041574408494393,0.47543974322200416,-0.5752826636751308,-0.26721999402986024,0.2632625033293767
headache,0.27225936430631054,0.30808010644407635,0.12945245798346197,0.0,0.04062622344962567,-0.16689183541368047,-0.08374848103191859,-0.024988216160759004,-0.23821182914663974,0.1502439123043486,0.006965743007260985,0.16978621939594904,-0.2858281409154884,-0.010669186743821838,0.16917780843989635
lagnat,0.1798329601458327,0.07446139581879493,0.211114262845585,0.04062622344962567,0.0,0.07816036003403483,-0.06437963644735209,-0.20288779475475893,-0.12312286823344472,0.15097198387719143,0.08963952232973765,0.05013383062219658,-0.06053778087610699,-0.1482749750018544,-0.3771467909813359
rashes,-0.5510371014505411,-0.4573445941497876,-0.22729551546710378,-0.16689183541368047,0.07816036003403483,0.0,0.040745310602250194,0.16053474774450915,0.5857563430772204,-0.19205637658817873,0.30661021089555507,-0.35667198618822765,0.4051880375161448,-0.1112787537348694,-0.49842973541490665
sipon,0.05554124313007336,-0.09462447517366938,-0.21475857144884491,-0.08374848103191859,-0.06437963644735209,0.040745310602250194,0.0,-0.06785760601695104,0.08983842844514278,0.04099045858518796,0.14417559401668456,0.14665127547454285,0.2902070558815522,0.06246877571171278,0.029565465800745344
ubo,0.005509552867416418,-0.1508430398722063,-0.21650570125211155,-0.024988216160759004,-0.20288779475475893,0.16053474774450915,-0.06785760601695104,0.0,0.10032741419181042,0.30722600239761194,0.21395901841001105,0.09901160624525873,-0.0035802506971140255,0.28254517749622193,0.07959461582478174
ecq,-0.5909750834355006,-0.7006394427967183,-0.7074226488313747,-0.23821182914663974,-0.12312286823344472,0.5857563430772204,0.08983842844514278,0.10032741419181042,0.0,-0.5014333955835103,0.662677779652035,-0.6342087014963145,0.7673751901691577,0.13402586422932625,-0.4693148586641214
face-shield,0.5748780101058134,0.33400047260648996,0.3314119754741973,0.1502439123043486,0.15097198387719143,-0.19205637658817873,0.04099045858518796,0.30722600239761194,-0.5014333955835103,0.0,-0.20883715299042374,0.494982039878218,-0.42329019761730924,0.30356711452123064,0.41782890866254957
Frontliners,-0.3693260027324449,-0.5557331632387339,-0.6041574408494393,0.006965743007260985,0.08963952232973765,0.30661021089555507,0.14417559401668456,0.21395901841001105,0.662677779652035,-0.20883715299042374,0.0,-0.4545649635523894,0.4195298220275958,0.18454176662430075,-0.19665384124364862
masks,0.3832741058157288,0.53286682666513,0.47543974322200416,0.16978621939594904,0.05013383062219658,-0.35667198618822765,0.14665127547454285,0.09901160624525873,-0.6342087014963145,0.494982039878218,-0.4545649635523894,0.0,-0.3949872789884431,-0.11442653942748146,0.4951547984384847
Quarantine,-0.33126866349681516,-0.43696977973190254,-0.5752826636751308,-0.2858281409154884,-0.06053778087610699,0.4051880375161448,0.2902070558815522,-0.0035802506971140255,0.7673751901691577,-0.42329019761730924,0.4195298220275958,-0.3949872789884431,0.0,0.10255978777413326,-0.28031788164358373
social-distancing,0.3201372552931896,-0.31566997075837383,-0.26721999402986024,-0.010669186743821838,-0.1482749750018544,-0.1112787537348694,0.06246877571171278,0.28254517749622193,0.13402586422932625,0.30356711452123064,0.18454176662430075,-0.11442653942748146,0.10255978777413326,0.0,0.07365225953203432
work-from-home,0.4339276721835812,0.4072025534249789,0.2632625033293767,0.16917780843989635,-0.3771467909813359,-0.49842973541490665,0.029565465800745344,0.07959461582478174,-0.4693148586641214,0.41782890866254957,-0.19665384124364862,0.4951547984384847,-0.28031788164358373,0.07365225953203432,0.0
