,flu,cough,fever,headache,lagnat,rashes,sipon,ubo,ecq,face-shield,Frontliners,masks,Quarantine,social-distancing,work-from-home
flu,0.0,-0.07185647712758379,0.1669788070911891,0.42340136717391386,0.29532974236806575,0.14825248190046728,-0.2164667138868492,-0.12323781528360099,-0.3695111018239863,-0.04794527824439904,-0.2154653153026565,-0.19056054960347518,-0.07275311140311824,-0.14330265524089064,-0.3580850951831048
cough,-0.07185647712758379,0.0,0.0791109829960155,0.1860082868438625,-0.16196698200755205,-0.1951402692179886,0.07582402785996478,0.03465446787521304,-0.5733304262772039,-0.37784024276204364,-0.365011499024177,-0.2866683554527706,-0.28151364042456867,-0.1210918462523737,-0.18199220381763392
fever,0.1669788070911891,0.0791109829960155,0.0,-0.0438624801788532,-0.15911310800727024,0.05661403399132343,0.08976769899031825,-0.029430229374554612,-0.11929863877347255,0.19027056416628174,0.31698487717460716,0.2094772441872162,0.39104145022186043,0.11497133491665333,0.11232710196076964
headache,0.42340136717391386,0.1860082868438625,-0.0438624801788532,0.0,0.05836759387392021,0.24544472641153015,-0.07075036839197273,-0.22169975942551604,-0.07690879680504213,-0.1347438306558768,-0.4302731380745364,-0.18608629943967228,-0.0670906395648289,-0.24871222782686503,-0.2490089071277837
lagnat,0.29532974236806575,-0.16196698200755205,-0.15911310800727024,0.05836759387392021,0.0,-0.0013997584667072994,0.11126498485198098,0.32860642482516805,-0.148086225027185,-0.07554282587394436,-0.0788690535536695,-0.11621809927465793,-0.03437581904637286,-0.01360948545308474,-0.1158158939501261
rashes,0.14825248190046728,-0.1951402692179886,0.05661403399132343,0.24544472641153015,-0.0013997584667072994,0.0,0.27227172767504965,-0.24803181738749927,-0.04507738871816962,-0.03334568946271609,-0.11323689135233811,-0.41697252863005885,-0.24502915962159824,-0.231769084402046,0.12701443985467034
sipon,-0.2164667138868492,0.07582402785996478,0.08976769899031825,-0.07075036839197273,0.11126498485198098,0.27227172767504965,0.0,0.21079819201593447,-0.18434593241037078,-0.06269419744724616,-0.10562351129906919,-0.01729990779233788,-0.06293578418071268,-0.03336906044142865,0.14742000855412224
ubo,-0.12323781528360099,0.03465446787521304,-0.029430229374554612,-0.22169975942551604,0.32860642482516805,-0.24803181738749927,0.21079819201593447,0.0,-0.19572373699396872,0.19041975351566737,-0.15954003307409173,0.3607880802696172,0.12381769078336628,-0.08196152767938047,0.2076870135978024
ecq,-0.3695111018239863,-0.5733304262772039,-0.11929863877347255,-0.07690879680504213,-0.148086225027185,-0.04507738871816962,-0.18434593241037078,-0.19572373699396872,0.0,0.36539402915249314,0.4916875028623961,0.3763717314486706,0.5138472606747712,0.45838109709620056,0.45609166123844513
face-shield,-0.04794527824439904,-0.37784024276204364,0.19027056416628174,-0.1347438306558768,-0.07554282587394436,-0.03334568946271609,-0.06269419744724616,0.19041975351566737,0.36539402915249314,0.0,0.43902424907111964,0.4845829145315946,0.44547801347292804,0.1262734640826291,0.3653309610770173
Frontliners,-0.2154653153026565,-0.365011499024177,0.31698487717460716,-0.4302731380745364,-0.0788690535536695,-0.11323689135233811,-0.10562351129906919,-0.15954003307409173,0.4916875028623961,0.43902424907111964,0.0,0.35200633939774856,0.39055263173798954,0.5529810678396601,0.2911716989526
masks,-0.19056054960347518,-0.2866683554527706,0.2094772441872162,-0.18608629943967228,-0.11621809927465793,-0.41697252863005885,-0.01729990779233788,0.3607880802696172,0.3763717314486706,0.4845829145315946,0.35200633939774856,0.0,0.44073757813062486,0.17911728896276793,0.16978145147228502
Quarantine,-0.07275311140311824,-0.28151364042456867,0.39104145022186043,-0.0670906395648289,-0.03437581904637286,-0.24502915962159824,-0.06293578418071268,0.12381769078336628,0.5138472606747712,0.44547801347292804,0.39055263173798954,0.44073757813062486,0.0,0.3652577103377477,0.31506779194438733
social-distancing,-0.14330265524089064,-0.1210918462523737,0.11497133491665333,-0.24871222782686503,-0.01360948545308474,-0.231769084402046,-0.03336906044142865,-0.08196152767938047,0.45838109709620056,0.1262734640826291,0.5529810678396601,0.17911728896276793,0.3652577103377477,0.0,0.18434436180776276
work-from-home,-0.3580850951831048,-0.18199220381763392,0.11232710196076964,-0.2490089071277837,-0.1158158939501261,0.12701443985467034,0.14742000855412224,0.2076870135978024,0.45609166123844513,0.3653309610770173,0.2911716989526,0.16978145147228502,0.31506779194438733,0.18434436180776276,0.0
