,flu,cough,fever,headache,lagnat,rashes,sipon,ubo,ecq,face-shield,Frontliners,masks,Quarantine,social-distancing,work-from-home
flu,0.0,-0.12502554219088807,0.05188515492735302,0.031043240568706325,0.3168245707425135,0.10334204581405666,-0.25577109706906737,-0.16775776524651387,-0.16651725700187883,0.09362971816482568,-0.2094679696238483,0.30394007868581524,0.006989744686949773,-0.2006899455824926,0.13117428416372792
cough,-0.12502554219088807,0.0,0.15316899335501952,0.08330670222327265,0.15649624268339885,-0.17153327666145207,0.24782244607527232,0.3687797798094862,-0.054467148144635,-0.15121982969103456,-0.14670815401667647,-0.09844956586522069,-0.19746421884736562,-0.001896947574890209,-0.13335933858297833
fever,0.05188515492735302,0.15316899335501952,0.0,0.015607580168818963,0.044657936509019475,0.16594793888529846,0.2546405338178364,0.05940700558574493,0.30053535603919834,0.12249811794339312,0.21255571847101418,-0.18181630134129045,0.5935645982853653,0.23717604960208075,0.35082009911583945
headache,0.031043240568706325,0.08330670222327265,0.015607580168818963,0.0,-0.003212872098855097,0.17374299596326373,-0.17982343738906537,-0.01912364975912076,0.16619640627633314,-0.1837270461817624,-0.11992203552012085,0.17297740799471137,0.1121519992528599,0.1683915515108552,-0.07722464883396643
lagnat,0.3168245707425135,0.15649624268339885,0.044657936509019475,-0.003212872098855097,0.0,0.010297969231406636,-0.03115932792571002,0.2554066550620416,0.05038106907511029,0.16114848721884295,-0.06292164367140002,0.0798156081903427,0.12331573538689021,0.14092761648740385,0.27060907940372186
rashes,0.10334204581405666,-0.17153327666145207,0.16594793888529846,0.17374299596326373,0.010297969231406636,0.0,-0.05625958758846115,-0.11311348923260024,-0.06864363222266992,-0.4849335220136465,-0.37271007028160413,-0.28695082460846844,-0.012248285055953092,-0.281987110143573,-0.06994523531147198
sipon,-0.25577109706906737,0.24782244607527232,0.2546405338178364,-0.17982343738906537,-0.03115932792571002,-0.05625958758846115,0.0,0.2166479194025927,0.26479892408013356,0.14016675197847228,0.011136492487526682,-0.35779684558421865,0.22083349640537608,-0.09990910376513218,0.16096099757998403
ubo,-0.16775776524651387,0.3687797798094862,0.05940700558574493,-0.01912364975912076,0.2554066550620416,-0.11311348923260024,0.2166479194025927,0.0,0.07789734078133925,0.1790026592442701,0.08782798811544436,0.0474541826131556,0.036093286301971145,0.18481967619148892,0.278791839959282
ecq,-0.16651725700187883,-0.054467148144635,0.30053535603919834,0.16619640627633314,0.05038106907511029,-0.06864363222266992,0.26479892408013356,0.07789734078133925,0.0,0.3054338718997929,0.40100884677034104,0.16946012723140302,0.576538558224524,0.35996414523557024,0.39719629209018703
face-shield,0.09362971816482568,-0.15121982969103456,0.12249811794339312,-0.1837270461817624,0.16114848721884295,-0.4849335220136465,0.14016675197847228,0.1790026592442701,0.3054338718997929,0.0,0.40656009097692136,0.4541977745611324,0.16500178582952976,0.38655949321634164,0.4603402507619123
Frontliners,-0.2094679696238483,-0.14670815401667647,0.21255571847101418,-0.11992203552012085,-0.06292164367140002,-0.37271007028160413,0.011136492487526682,0.08782798811544436,0.40100884677034104,0.40656009097692136,0.0,0.16055323143733277,0.3332056708747079,0.6824150268716536,0.5043510184717869
masks,0.30394007868581524,-0.09844956586522069,-0.18181630134129045,0.17297740799471137,0.0798156081903427,-0.28695082460846844,-0.35779684558421865,0.0474541826131556,0.16946012723140302,0.4541977745611324,0.16055323143733277,0.0,0.001064821465326335,0.10290721786398534,0.04059475030743082
Quarantine,0.006989744686949773,-0.19746421884736562,0.5935645982853653,0.1121519992528599,0.12331573538689021,-0.012248285055953092,0.22083349640537608,0.036093286301971145,0.576538558224524,0.16500178582952976,0.3332056708747079,0.001064821465326335,0.0,0.24789725635526239,0.31779613016487945
social-distancing,-0.2006899455824926,-0.001896947574890209,0.23717604960208075,0.1683915515108552,0.14092761648740385,-0.281987110143573,-0.09990910376513218,0.18481967619148892,0.35996414523557024,0.38655949321634164,0.6824150268716536,0.10290721786398534,0.24789725635526239,0.0,0.3598226601407768
work-from-home,0.13117428416372792,-0.13335933858297833,0.35082009911583945,-0.07722464883396643,0.27060907940372186,-0.06994523531147198,0.16096099757998403,0.278791839959282,0.39719629209018703,0.4603402507619123,0.5043510184717869,0.04059475030743082,0.31779613016487945,0.3598226601407768,0.0
