,flu,cough,fever,headache,lagnat,rashes,sipon,ubo,ecq,face-shield,Frontliners,masks,Quarantine,social-distancing,work-from-home
flu,0.0,-0.5658919901207183,-0.1716327259527209,-0.0008397087664155075,0.21082474741854987,0.197268362491536,-0.025835700594247,-0.4700931597924293,0.3229033379233853,-0.27582654593894357,-0.43819262350719534,-0.40600597346023065,0.7679353760990901,0.5900996800173088,0.6199299653063378
cough,-0.5658919901207183,0.0,0.5030764876835649,0.13744867967773822,0.009304720543428279,-0.014307755469147702,-0.022961514801895688,0.4178767736922314,-0.4789049021402978,0.32937097234120144,0.6201828524663568,0.2531164688802573,-0.5005786654647699,-0.48536816821906975,-0.34729250035583487
fever,-0.1716327259527209,0.5030764876835649,0.0,0.4360359480197055,-0.021713887835644867,0.04773554085651784,0.22746167953016566,0.4864136086576071,-0.5269950204885537,0.04692971494417334,0.31255345382114125,-0.016776780507852068,-0.3097763549735221,-0.2341053129548389,-0.22712632182913603
headache,-0.0008397087664155075,0.13744867967773822,0.4360359480197055,0.0,-0.0350752089433375,0.12096019929134627,-0.05090974430037649,0.28252276310520413,-0.21483544103365576,0.04224759604349237,0.06798896021251719,0.15038123281400473,-0.17263946473007172,-0.10203930191213596,-0.26723078230196906
lagnat,0.21082474741854987,0.009304720543428279,-0.021713887835644867,-0.0350752089433375,0.0,0.08850357572866381,0.18243309344264091,-0.1354292445628552,0.11232174466410244,-0.35200958960604756,0.04712726080051969,0.009958461242712874,0.12133113952193596,0.015911990605647578,0.00043150396673427625
rashes,0.197268362491536,-0.014307755469147702,0.04773554085651784,0.12096019929134627,0.08850357572866381,0.0,-0.3229125506932017,0.02588812478073104,0.005323381983622794,0.05451972865876443,-0.17147255362171332,-0.35604266498517917,0.25594599985782285,0.22811129535005797,0.22057834280398692
sipon,-0.025835700594247,-0.022961514801895688,0.22746167953016566,-0.05090974430037649,0.18243309344264091,-0.3229125506932017,0.0,0.11871574077617018,0.22123692365125963,-0.09051151168198286,0.17627815168871924,0.11676326597336398,0.20693270106082579,0.14239322334688304,0.0040890402712660465
ubo,-0.4700931597924293,0.4178767736922314,0.4864136086576071,0.28252276310520413,-0.1354292445628552,0.02588812478073104,0.11871574077617018,0.0,-0.5047517791665875,0.16825332894512368,0.26521500753138255,0.3159439917702249,-0.4628566088666017,-0.08442673700297919,-0.13545309561537172
ecq,0.3229033379233853,-0.4789049021402978,-0.5269950204885537,-0.21483544103365576,0.11232174466410244,0.005323381983622794,0.22123692365125963,-0.5047517791665875,0.0,0.09524089848847112,-0.14169649278272883,0.06998902882469499,0.6762765814305924,0.42782388452190917,0.42039932920371786
face-shield,-0.27582654593894357,0.32937097234120144,0.04692971494417334,0.04224759604349237,-0.35200958960604756,0.05451972865876443,-0.09051151168198286,0.16825332894512368,0.09524089848847112,0.0,0.16470463894530568,0.3427913846161819,-0.11790518719181642,0.054797748908805455,0.049771029448457633
Frontliners,-0.43819262350719534,0.6201828524663568,0.31255345382114125,0.06798896021251719,0.04712726080051969,-0.17147255362171332,0.17627815168871924,0.26521500753138255,-0.14169649278272883,0.16470463894530568,0.0,0.47404882133101345,-0.18631243791201918,-0.2792683355701786,-0.22567755179331073
masks,-0.40600597346023065,0.2531164688802573,-0.016776780507852068,0.15038123281400473,0.009958461242712874,-0.35604266498517917,0.11676326597336398,0.3159439917702249,0.06998902882469499,0.3427913846161819,0.47404882133101345,0.0,-0.2528729831395296,0.08323733939743373,-0.08420944036277032
Quarantine,0.7679353760990901,-0.5005786654647699,-0.3097763549735221,-0.17263946473007172,0.12133113952193596,0.25594599985782285,0.20693270106082579,-0.4628566088666017,0.6762765814305924,-0.11790518719181642,-0.18631243791201918,-0.2528729831395296,0.0,0.6492968123111782,0.7010750387194477
social-distancing,0.5900996800173088,-0.48536816821906975,-0.2341053129548389,-0.10203930191213596,0.015911990605647578,0.22811129535005797,0.14239322334688304,-0.08442673700297919,0.42782388452190917,0.054797748908805455,-0.2792683355701786,0.08323733939743373,0.6492968123111782,0.0,0.7860845360161927
work-from-home,0.6199299653063378,-0.34729250035583487,-0.22712632182913603,-0.26723078230196906,0.00043150396673427625,0.22057834280398692,0.0040890402712660465,-0.13545309561537172,0.42039932920371786,0.049771029448457633,-0.22567755179331073,-0.08420944036277032,0.7010750387194477,0.7860845360161927,0.0
