,flu,cough,fever,headache,lagnat,rashes,sipon,ubo,ecq,face-shield,Frontliners,masks,Quarantine,social-distancing,work-from-home
flu,0.0,0.6421399796943587,0.5953254918012488,0.19686420115963507,0.0601420972250933,-0.5864624489485633,0.09700244804070472,0.13892707409357852,-0.621998092009943,0.5217774168557897,-0.4854139519128463,0.3527690690650416,-0.4335501238668937,0.47398460789746405,0.4423666687533215
cough,0.6421399796943587,0.0,0.6929501124432589,0.01174729221367944,-0.09886689710734703,-0.4752545715645576,-0.05678296695698035,0.22931779309115521,-0.5514339208661637,0.4753575942389905,-0.6115353344187858,0.3441410321546409,-0.4942686940826993,0.43430805164210134,0.3320633088473229
fever,0.5953254918012488,0.6929501124432589,0.0,-0.12932393806864714,-0.0994420064284422,-0.3361411771191032,-0.10998321245067073,0.2806419646596374,-0.6215424128527302,0.3090266424955778,-0.6662801345040295,0.2859754800187306,-0.5911825450875109,0.4632625900339934,0.24066315607128264
headache,0.19686420115963507,0.01174729221367944,-0.12932393806864714,0.0,0.15436510522121552,0.029056609098565937,-0.06920335802513573,0.013922601337618074,-0.08471689921746706,0.13681852887419657,0.25941014384096406,-0.032302414614645315,-0.05322493464529436,-0.06189993675355204,-0.07403744686176382
lagnat,0.0601420972250933,-0.09886689710734703,-0.0994420064284422,0.15436510522121552,0.0,0.03328573683127448,-0.06879604400440184,-0.2682179790584489,0.03754859515586569,0.039560291004280115,0.1370198633778057,-0.10222124259479524,0.017523595681033063,-0.2411356872119136,-0.3082306221989142
rashes,-0.5864624489485633,-0.4752545715645576,-0.3361411771191032,0.029056609098565937,0.03328573683127448,0.0,-0.11702897838838476,-0.024743167136306168,0.44242126638349105,-0.40609274449751315,0.29550068653823175,-0.3564009061519547,0.42615909030623045,-0.34846846337676596,-0.5413650854815996
sipon,0.09700244804070472,-0.05678296695698035,-0.10998321245067073,-0.06920335802513573,-0.06879604400440184,-0.11702897838838476,0.0,-0.1005776832877428,0.19250109035574814,0.022878636859433314,0.14480882611294352,0.20426506905781378,0.37109910499978005,-0.02879282400385856,0.1855536894608259
ubo,0.13892707409357852,0.22931779309115521,0.2806419646596374,0.013922601337618074,-0.2682179790584489,-0.024743167136306168,-0.1005776832877428,0.0,-0.2480980268267716,0.3324534737779958,-0.02339527167239382,0.26840038620141743,-0.25440072669012687,0.3972769765418012,0.37984518467811745
ecq,-0.621998092009943,-0.5514339208661637,-0.6215424128527302,-0.08471689921746706,0.03754859515586569,0.44242126638349105,0.19250109035574814,-0.2480980268267716,0.0,-0.33951979441836455,0.6309283999102405,-0.23800954534273291,0.7330165072065988,-0.20663712767774106,-0.2729689853000814
face-shield,0.5217774168557897,0.4753575942389905,0.3090266424955778,0.13681852887419657,0.039560291004280115,-0.40609274449751315,0.022878636859433314,0.3324534737779958,-0.33951979441836455,0.0,-0.22315488870572506,0.5787048836280089,-0.3865482625302812,0.4749360148652591,0.4822855932450547
Frontliners,-0.4854139519128463,-0.6115353344187858,-0.6662801345040295,0.25941014384096406,0.1370198633778057,0.29550068653823175,0.14480882611294352,-0.02339527167239382,0.6309283999102405,-0.22315488870572506,0.0,-0.23995382719003175,0.4800299339425217,-0.2554031892527059,-0.05973561371120392
masks,0.3527690690650416,0.3441410321546409,0.2859754800187306,-0.032302414614645315,-0.10222124259479524,-0.3564009061519547,0.20426506905781378,0.26840038620141743,-0.23800954534273291,0.5787048836280089,-0.23995382719003175,0.0,-0.23069368028837697,0.523086759674466,0.6107204050461933
Quarantine,-0.4335501238668937,-0.4942686940826993,-0.5911825450875109,-0.05322493464529436,0.017523595681033063,0.42615909030623045,0.37109910499978005,-0.25440072669012687,0.7330165072065988,-0.3865482625302812,0.4800299339425217,-0.23069368028837697,0.0,-0.355644755788203,-0.19866108275658162
social-distancing,0.47398460789746405,0.43430805164210134,0.4632625900339934,-0.06189993675355204,-0.2411356872119136,-0.34846846337676596,-0.02879282400385856,0.3972769765418012,-0.20663712767774106,0.4749360148652591,-0.2554031892527059,0.523086759674466,-0.355644755788203,0.0,0.4141082603574484
work-from-home,0.4423666687533215,0.3320633088473229,0.24066315607128264,-0.07403744686176382,-0.3082306221989142,-0.5413650854815996,0.1855536894608259,0.37984518467811745,-0.2729689853000814,0.4822855932450547,-0.05973561371120392,0.6107204050461933,-0.19866108275658162,0.4141082603574484,0.0
