,flu,cough,fever,headache,lagnat,rashes,sipon,ubo,ecq,face-shield,Frontliners,masks,Quarantine,social-distancing,work-from-home
flu,0.0,0.39056672977920337,0.5883238991534965,-0.02716884030870017,0.11107024094541071,-0.31102369601430885,0.1611660819367384,-0.1531667984272762,-0.2770817677747789,-0.2297583966077299,-0.31602190528793056,-0.15117970646183204,0.07326405714630158,0.4087699669323656,0.44239633032870623
cough,0.39056672977920337,0.0,0.6538397462304768,-0.2446172007368359,-0.17126529066442372,-0.25840749054506285,0.0017337039244697077,0.07480266936667344,-0.3385950470125637,0.16577738427673075,-0.47488196962348883,0.07929899944303037,-0.2894847419412731,0.3100525472665842,0.18494594677626586
fever,0.5883238991534965,0.6538397462304768,0.0,-0.06555934651985144,-0.17717141369350103,-0.21798716254870817,-0.15801974810449027,0.07233958239565012,-0.43930577059842063,-0.07704923996748661,-0.598257265536259,0.009452518895547182,-0.38292407779556215,0.4531200339036368,0.20099894177854882
headache,-0.02716884030870017,-0.2446172007368359,-0.06555934651985144,0.0,0.21938331713622897,0.11302972394261337,0.05275002384079851,0.08175359996120624,-0.05130262423555257,0.04282437781525064,0.42770059440849667,0.03883377705316433,-0.07681303354883626,-0.30777915400666633,-0.22263671814617142
lagnat,0.11107024094541071,-0.17126529066442372,-0.17717141369350103,0.21938331713622897,0.0,0.0338868682054321,0.029999442347742742,-0.23618042294142055,0.0272764377932014,-0.1325440786268305,0.13204598568157172,-0.13797240942131594,0.026852447982801172,-0.2922757599276671,-0.34996104522576865
rashes,-0.31102369601430885,-0.25840749054506285,-0.21798716254870817,0.11302972394261337,0.0338868682054321,0.0,-0.2374555477160523,-0.0264046411443899,0.23392641850019774,-0.19512660055551462,0.057931381352269995,-0.363160630067747,0.32490298887949637,-0.12027269545078999,-0.2861640476020326
sipon,0.1611660819367384,0.0017337039244697077,-0.15801974810449027,0.05275002384079851,0.029999442347742742,-0.2374555477160523,0.0,-0.10985125143124268,0.21258050206982532,0.040893514916977874,0.17993793159287838,0.3616509004041183,0.3702132957809122,-0.06955933419158893,0.04700081330082469
ubo,-0.1531667984272762,0.07480266936667344,0.07233958239565012,0.08175359996120624,-0.23618042294142055,-0.0264046411443899,-0.10985125143124268,0.0,-0.18766109425060093,0.2551464816853775,0.2090254164864303,0.14306570809830854,-0.20271872751429135,0.3179675634114679,0.06898575999587894
ecq,-0.2770817677747789,-0.3385950470125637,-0.43930577059842063,-0.05130262423555257,0.0272764377932014,0.23392641850019774,0.21258050206982532,-0.18766109425060093,0.0,-0.029431393197046463,0.4607655607861818,-0.04069933202312265,0.6135515674046493,0.008853519670875717,-0.015931999572305313
face-shield,-0.2297583966077299,0.16577738427673075,-0.07704923996748661,0.04282437781525064,-0.1325440786268305,-0.19512660055551462,0.040893514916977874,0.2551464816853775,-0.029431393197046463,0.0,0.16811290639631857,0.49756646284410155,-0.15903707601883588,0.17281572624543923,0.17185051621782296
Frontliners,-0.31602190528793056,-0.47488196962348883,-0.598257265536259,0.42770059440849667,0.13204598568157172,0.057931381352269995,0.17993793159287838,0.2090254164864303,0.4607655607861818,0.16811290639631857,0.0,0.05969401462728504,0.23247744853740315,-0.18047246965491295,0.022851336509370036
masks,-0.15117970646183204,0.07929899944303037,0.009452518895547182,0.03883377705316433,-0.13797240942131594,-0.363160630067747,0.3616509004041183,0.14306570809830854,-0.04069933202312265,0.49756646284410155,0.05969401462728504,0.0,-0.13822690689020747,0.22116415764079336,0.2187947073481128
Quarantine,0.07326405714630158,-0.2894847419412731,-0.38292407779556215,-0.07681303354883626,0.026852447982801172,0.32490298887949637,0.3702132957809122,-0.20271872751429135,0.6135515674046493,-0.15903707601883588,0.23247744853740315,-0.13822690689020747,0.0,-0.099140823983678,0.1399278707812746
social-distancing,0.4087699669323656,0.3100525472665842,0.4531200339036368,-0.30777915400666633,-0.2922757599276671,-0.12027269545078999,-0.06955933419158893,0.3179675634114679,0.008853519670875717,0.17281572624543923,-0.18047246965491295,0.22116415764079336,-0.099140823983678,0.0,0.5204410871739829
work-from-home,0.44239633032870623,0.18494594677626586,0.20099894177854882,-0.22263671814617142,-0.34996104522576865,-0.2861640476020326,0.04700081330082469,0.06898575999587894,-0.015931999572305313,0.17185051621782296,0.022851336509370036,0.2187947073481128,0.1399278707812746,0.5204410871739829,0.0
