,flu,cough,fever,headache,lagnat,rashes,sipon,ubo,ecq,face-shield,Frontliners,masks,Quarantine,social-distancing,work-from-home
flu,0.0,-0.04389607093367674,0.21856236204912557,0.23617558642158545,0.3818298564462405,0.0023544657053535096,-0.332021328917828,-0.05126629716535624,-0.16278576173600787,-0.06243008562292783,-0.11978767981315293,0.13701622224181653,0.17699927121383005,0.10010906891382237,0.1159257183325885
cough,-0.04389607093367674,0.0,0.11671051806242236,0.2678782639582548,-0.06235888847649066,-0.15689571715031583,0.19410840087652476,0.07877471020774195,-0.6510508861435712,-0.35166411038570594,-0.39998538170808423,-0.29189953949808495,-0.3592533718968776,-0.11970462450339643,-0.3572118459179893
fever,0.21856236204912557,0.11671051806242236,0.0,-0.06705817926597052,-0.08260495678917604,0.0869723372001385,0.1213381952817997,0.05340916378334239,-0.09622144577059145,0.19272800088648237,0.28084845944360204,0.19650112746691867,0.3388727540867258,0.06295309045465651,0.10847510881576998
headache,0.23617558642158545,0.2678782639582548,-0.06705817926597052,0.0,-0.05872148609076811,0.18073224937827023,0.07531410414864172,-0.15127414989275642,0.07279001641704518,-0.2668442305194937,-0.3999864660878954,-0.11925410553314585,-0.04732249467008773,-0.20092036473433594,-0.07854001932260052
lagnat,0.3818298564462405,-0.06235888847649066,-0.08260495678917604,-0.05872148609076811,0.0,-0.10264156148869956,-0.29682154612221073,0.2658203381551623,-0.05668829395673788,-0.003424443522309564,-0.036900300151083594,-0.04328685022300659,0.11684161377863937,0.0661456989853398,0.20554691754407736
rashes,0.0023544657053535096,-0.15689571715031583,0.0869723372001385,0.18073224937827023,-0.10264156148869956,0.0,0.28961571846195183,-0.25267601451102156,0.052148722829968845,-0.11070522829328515,-0.11609076272568922,-0.4001420469896446,-0.2322995684719713,-0.2326842224125666,0.28709853196795093
sipon,-0.332021328917828,0.19410840087652476,0.1213381952817997,0.07531410414864172,-0.29682154612221073,0.28961571846195183,0.0,0.051788047261696196,-0.26363221991373764,-0.19448313691385233,-0.24717057317206723,-0.45498969360243535,-0.2381280781980903,-0.3080347673171906,-0.09570315889480259
ubo,-0.05126629716535624,0.07877471020774195,0.05340916378334239,-0.15127414989275642,0.2658203381551623,-0.25267601451102156,0.051788047261696196,0.0,-0.1656781210356834,0.2312836394001044,-0.2095200688768265,0.26186969188519155,0.11294594363499398,-0.12182710651569433,0.277160083516581
ecq,-0.16278576173600787,-0.6510508861435712,-0.09622144577059145,0.07279001641704518,-0.05668829395673788,0.052148722829968845,-0.26363221991373764,-0.1656781210356834,0.0,0.4567426904098299,0.42707203305308783,0.3531735857439483,0.4792991024142219,0.34538759727258533,0.39916526609343256
face-shield,-0.06243008562292783,-0.35166411038570594,0.19272800088648237,-0.2668442305194937,-0.003424443522309564,-0.11070522829328515,-0.19448313691385233,0.2312836394001044,0.4567426904098299,0.0,0.4873974208116521,0.6133749415129339,0.49779009167972527,0.18959242267204116,0.588540932678554
Frontliners,-0.11978767981315293,-0.39998538170808423,0.28084845944360204,-0.3999864660878954,-0.036900300151083594,-0.11609076272568922,-0.24717057317206723,-0.2095200688768265,0.42707203305308783,0.4873974208116521,0.0,0.34480963442697915,0.41771992149576315,0.6131770282220317,0.3130026824767166
masks,0.13701622224181653,-0.29189953949808495,0.19650112746691867,-0.11925410553314585,-0.04328685022300659,-0.4001420469896446,-0.45498969360243535,0.26186969188519155,0.3531735857439483,0.6133749415129339,0.34480963442697915,0.0,0.5591498602778997,0.10358159659617612,0.2816219940902476
Quarantine,0.17699927121383005,-0.3592533718968776,0.3388727540867258,-0.04732249467008773,0.11684161377863937,-0.2322995684719713,-0.2381280781980903,0.11294594363499398,0.4792991024142219,0.49779009167972527,0.41771992149576315,0.5591498602778997,0.0,0.32760589449315636,0.3215049568941134
social-distancing,0.10010906891382237,-0.11970462450339643,0.06295309045465651,-0.20092036473433594,0.0661456989853398,-0.2326842224125666,-0.3080347673171906,-0.12182710651569433,0.34538759727258533,0.18959242267204116,0.6131770282220317,0.10358159659617612,0.32760589449315636,0.0,0.18750715927722675
work-from-home,0.1159257183325885,-0.3572118459179893,0.10847510881576998,-0.07854001932260052,0.20554691754407736,0.28709853196795093,-0.09570315889480259,0.277160083516581,0.39916526609343256,0.588540932678554,0.3130026824767166,0.2816219940902476,0.3215049568941134,0.18750715927722675,0.0
