,flu,cough,fever,headache,lagnat,rashes,sipon,ubo,ecq,face-shield,Frontliners,masks,Quarantine,social-distancing,work-from-home
flu,0.0,0.24000685681735606,0.11733254246973213,-0.03820124694566525,-0.335253966672846,0.055402685778780505,0.2468008116572657,-0.045639069988660574,0.3330692582824848,0.48256726417332535,0.008088663705923866,-0.24940751767302394,0.4523370681747711,0.01999356673780157,-0.12611639442086126
cough,0.24000685681735606,0.0,-0.3660727078715478,-0.12312695574048686,-0.20083372236548988,-0.07168273169156233,-0.215458307190821,0.05705582113466546,-0.3116263554189114,0.08466461981774388,0.3701115975759588,-0.1532840746434441,0.09515821441078279,0.06252911958170078,0.008206157186569434
fever,0.11733254246973213,-0.3660727078715478,0.0,0.01520140149580869,0.09102780834515832,0.20278700399781077,0.3263480300962475,-0.18728438615950657,0.4870532846358406,0.35755225773087346,0.03777650507049084,0.05806011925980328,0.4288219389263604,-0.19823743981972863,-0.0523409515730927
headache,-0.03820124694566525,-0.12312695574048686,0.01520140149580869,0.0,-0.10693223032975076,0.14691008307330963,-0.07946330973378764,-0.013419744628580664,-0.06800711404961943,0.2051424697099181,0.0730118453214027,-0.019978548216395015,0.23065653973174544,-0.09938255675773974,-0.15616053594498164
lagnat,-0.335253966672846,-0.20083372236548988,0.09102780834515832,-0.10693223032975076,0.0,0.02537741360762704,0.0819215282490488,0.11665148110051807,0.008811237732517309,-0.1708968654896989,-0.1032570649181597,0.1706618634919038,-0.1388442599477082,0.07029807913469706,0.34313809608654855
rashes,0.055402685778780505,-0.07168273169156233,0.20278700399781077,0.14691008307330963,0.02537741360762704,0.0,0.29134943291830007,-0.06250780661285221,-0.16910187308580785,-0.004528226228598537,-0.23088855076926407,-0.2088520288131761,0.043571483494190544,-0.2579464444215778,-0.34368152425342685
sipon,0.2468008116572657,-0.215458307190821,0.3263480300962475,-0.07946330973378764,0.0819215282490488,0.29134943291830007,0.0,-0.22200862836324242,0.271588892060168,0.39280037010174335,0.08764508037300191,-0.016584812185552616,0.3313658724801158,0.06154725115477286,-0.42095798111058985
ubo,-0.045639069988660574,0.05705582113466546,-0.18728438615950657,-0.013419744628580664,0.11665148110051807,-0.06250780661285221,-0.22200862836324242,0.0,-0.03371362365795075,-0.2859143049893171,-0.31749384656459256,-0.0670832177964617,-0.36315424718166345,-0.3134679503029073,0.016212311014532188
ecq,0.3330692582824848,-0.3116263554189114,0.4870532846358406,-0.06800711404961943,0.008811237732517309,-0.16910187308580785,0.271588892060168,-0.03371362365795075,0.0,0.30861101047532424,-0.0030304692258515983,0.26199467750212946,0.545101022975347,0.2369548155681005,0.26440750913821803
face-shield,0.48256726417332535,0.08466461981774388,0.35755225773087346,0.2051424697099181,-0.1708968654896989,-0.004528226228598537,0.39280037010174335,-0.2859143049893171,0.30861101047532424,0.0,0.5306781009764517,-0.0897358457856105,0.8009406685197792,-0.0023716198010402564,-0.14063661697810872
Frontliners,0.008088663705923866,0.3701115975759588,0.03777650507049084,0.0730118453214027,-0.1032570649181597,-0.23088855076926407,0.08764508037300191,-0.31749384656459256,-0.0030304692258515983,0.5306781009764517,0.0,-0.10629692315580093,0.5736454673688519,-0.09300278222034983,-0.031245050740676142
masks,-0.24940751767302394,-0.1532840746434441,0.05806011925980328,-0.019978548216395015,0.1706618634919038,-0.2088520288131761,-0.016584812185552616,-0.0670832177964617,0.26199467750212946,-0.0897358457856105,-0.10629692315580093,0.0,0.13374394533981718,0.32603324610716455,0.3772224364491079
Quarantine,0.4523370681747711,0.09515821441078279,0.4288219389263604,0.23065653973174544,-0.1388442599477082,0.043571483494190544,0.3313658724801158,-0.36315424718166345,0.545101022975347,0.8009406685197792,0.5736454673688519,0.13374394533981718,0.0,0.1080259507756902,-0.0270709759799565
social-distancing,0.01999356673780157,0.06252911958170078,-0.19823743981972863,-0.09938255675773974,0.07029807913469706,-0.2579464444215778,0.06154725115477286,-0.3134679503029073,0.2369548155681005,-0.0023716198010402564,-0.09300278222034983,0.32603324610716455,0.1080259507756902,0.0,0.304426671154219
work-from-home,-0.12611639442086126,0.008206157186569434,-0.0523409515730927,-0.15616053594498164,0.34313809608654855,-0.34368152425342685,-0.42095798111058985,0.016212311014532188,0.26440750913821803,-0.14063661697810872,-0.031245050740676142,0.3772224364491079,-0.0270709759799565,0.304426671154219,0.0
