,flu,cough,fever,headache,lagnat,rashes,sipon,ubo,ecq,face-shield,Frontliners,masks,Quarantine,social-distancing,work-from-home
flu,0.0,0.5194460695744426,0.4825827764553078,0.18395166542582567,-0.09339550257308028,-0.5942752995924049,0.2595253347557219,-0.19766082244627087,-0.46214221055117727,0.19353439426920546,-0.35749322855417115,-0.023146685288519216,-0.23266280898529026,0.36061030213857886,0.40461539400266233
cough,0.5194460695744426,0.0,0.6698423461145466,-0.17688306026457548,-0.2338365083578404,-0.40867102793742455,0.007493951386573459,0.00033992789412698124,-0.4389155858680391,0.30804701055020994,-0.5391589815496544,0.08281969440810737,-0.3825958148408021,0.36152729587352517,0.28643514361458977
fever,0.4825827764553078,0.6698423461145466,0.0,-0.08380226473669809,-0.24746417939482376,-0.3066814297098773,-0.16426769106012407,0.05472830288581609,-0.4870576696048163,0.08432558227534298,-0.6187564552180317,0.05891166850927117,-0.46227785084245326,0.43797987443400244,0.21710412487120442
headache,0.18395166542582567,-0.17688306026457548,-0.08380226473669809,0.0,0.1996880545796683,0.08530795923324357,0.1167089641348857,0.03976275493656521,-0.09640191253856878,0.11589951980197691,0.3444888960780788,-0.03127320435772584,-0.07404767862209619,-0.23430781422422442,-0.1551534889133437
lagnat,-0.09339550257308028,-0.2338365083578404,-0.24746417939482376,0.1996880545796683,0.0,0.08829113725504467,0.04819004490733715,-0.18191399365510064,0.08675610306896767,-0.11342360994905631,0.21641282739024048,-0.08552748440496463,0.03689392953245224,-0.4014672963004497,-0.47749029060227144
rashes,-0.5942752995924049,-0.40867102793742455,-0.3066814297098773,0.08530795923324357,0.08829113725504467,0.0,-0.17339409061633973,0.09181399612251882,0.37678852360463444,-0.28680066798537435,0.24251358201451362,-0.2612134433944286,0.36897498198943385,-0.27265039249225737,-0.498846481462213
sipon,0.2595253347557219,0.007493951386573459,-0.16426769106012407,0.1167089641348857,0.04819004490733715,-0.17339409061633973,0.0,-0.12783232704927266,0.18312446584539682,0.027262555981964236,0.13591985136480336,0.3007736768185559,0.386997168429518,0.0052542900414500856,0.09120161041243652
ubo,-0.19766082244627087,0.00033992789412698124,0.05472830288581609,0.03976275493656521,-0.18191399365510064,0.09181399612251882,-0.12783232704927266,0.0,-0.09993683417891357,0.16767496722142505,0.2288271133230081,0.10530710474052189,-0.11404414318067892,0.3344017931707499,0.06317347437022101
ecq,-0.46214221055117727,-0.4389155858680391,-0.4870576696048163,-0.09640191253856878,0.08675610306896767,0.37678852360463444,0.18312446584539682,-0.09993683417891357,0.0,-0.1330469466381666,0.5352627217557587,-0.026115813284142714,0.6699121756320345,-0.0790421206341454,-0.14202092287679052
face-shield,0.19353439426920546,0.30804701055020994,0.08432558227534298,0.11589951980197691,-0.11342360994905631,-0.28680066798537435,0.027262555981964236,0.16767496722142505,-0.1330469466381666,0.0,0.007033475339808376,0.4315652962073711,-0.17937436538752538,0.42152413145871825,0.4278373498222507
Frontliners,-0.35749322855417115,-0.5391589815496544,-0.6187564552180317,0.3444888960780788,0.21641282739024048,0.24251358201451362,0.13591985136480336,0.2288271133230081,0.5352627217557587,0.007033475339808376,0.0,-0.021068719629749343,0.37254938120758163,-0.1668050563525964,0.017706520477008617
masks,-0.023146685288519216,0.08281969440810737,0.05891166850927117,-0.03127320435772584,-0.08552748440496463,-0.2612134433944286,0.3007736768185559,0.10530710474052189,-0.026115813284142714,0.4315652962073711,-0.021068719629749343,0.0,-0.03387334931162343,0.3707436316625913,0.39277471181842305
Quarantine,-0.23266280898529026,-0.3825958148408021,-0.46227785084245326,-0.07404767862209619,0.03689392953245224,0.36897498198943385,0.386997168429518,-0.11404414318067892,0.6699121756320345,-0.17937436538752538,0.37254938120758163,-0.03387334931162343,0.0,-0.2507319078045218,-0.05009135965020421
social-distancing,0.36061030213857886,0.36152729587352517,0.43797987443400244,-0.23430781422422442,-0.4014672963004497,-0.27265039249225737,0.0052542900414500856,0.3344017931707499,-0.0790421206341454,0.42152413145871825,-0.1668050563525964,0.3707436316625913,-0.2507319078045218,0.0,0.4769427172548519
work-from-home,0.40461539400266233,0.28643514361458977,0.21710412487120442,-0.1551534889133437,-0.47749029060227144,-0.498846481462213,0.09120161041243652,0.06317347437022101,-0.14202092287679052,0.4278373498222507,0.017706520477008617,0.39277471181842305,-0.05009135965020421,0.4769427172548519,0.0
