,flu,cough,fever,headache,lagnat,rashes,sipon,ubo,ecq,face-shield,Frontliners,masks,Quarantine,social-distancing,work-from-home
flu,0.0,-0.16966581752083573,-0.09322809392425674,0.16880278814365973,0.2620992798476017,0.14754186800415525,-0.3834131185929421,-0.24818508863489158,-0.24071898177277448,0.02038339743380742,-0.29907204570714574,0.15748044304786493,-0.003947953081283645,-0.17254335596474266,-0.061103327494769606
cough,-0.16966581752083573,0.0,0.38200156362024296,0.061879224329609545,-0.0748783130876349,-0.5422842000286143,0.40079554904917036,0.19160037768015625,-0.1671682541437505,0.022229057630370603,0.07106731268506081,-0.14099864199368822,-0.2254958889573327,0.1486587402719969,-0.11191473520461588
fever,-0.09322809392425674,0.38200156362024296,0.0,0.055327360186342454,-0.20636346096597613,0.11351610937896844,0.4531305275104442,0.12602217628829773,-0.07386452229813083,0.020788561286364093,0.31832442871867667,-0.18947334312574263,0.34459788815881137,0.10335292256648289,0.31239364507927964
headache,0.16880278814365973,0.061879224329609545,0.055327360186342454,0.0,-0.00872606342720923,0.054217848518621846,-0.27698814319700965,-0.19054165188128686,0.2571129164332756,-0.028671512806149956,-0.1060884709853962,0.2485647551567351,0.01904706037314821,0.1351807904127477,-0.050349855214009115
lagnat,0.2620992798476017,-0.0748783130876349,-0.20636346096597613,-0.00872606342720923,0.0,-0.13048111601527465,-0.22688554576466735,0.12473999810789131,0.01081487183027173,0.26562648625326357,-0.06983067256802887,0.16023723801407946,0.058523292642828455,0.0963912294627047,0.15867722517150182
rashes,0.14754186800415525,-0.5422842000286143,0.11351610937896844,0.054217848518621846,-0.13048111601527465,0.0,-0.11670454731813348,-0.47124628567049137,0.06257071093618392,-0.23867362314652396,-0.1979159495656437,-0.16881037999342285,0.0355002332187754,-0.24277532162346604,0.1254248188364124
sipon,-0.3834131185929421,0.40079554904917036,0.4531305275104442,-0.27698814319700965,-0.22688554576466735,-0.11670454731813348,0.0,0.21608687001445429,0.0019245997020639566,0.16779438838013067,0.13470242546157768,-0.35011800853389574,0.027975043118246865,-0.13352335638513216,0.13120235518778967
ubo,-0.24818508863489158,0.19160037768015625,0.12602217628829773,-0.19054165188128686,0.12473999810789131,-0.47124628567049137,0.21608687001445429,0.0,0.007237810471026395,0.36836754736406396,0.14691993620850008,0.20843451958975504,0.12109889247823077,0.07848360533117409,0.29831887045123395
ecq,-0.24071898177277448,-0.1671682541437505,-0.07386452229813083,0.2571129164332756,0.01081487183027173,0.06257071093618392,0.0019245997020639566,0.007237810471026395,0.0,0.11219214057878966,0.21665106375182352,0.21139217797915708,0.42943681820447305,0.13499690777909085,0.16198155413244641
face-shield,0.02038339743380742,0.022229057630370603,0.020788561286364093,-0.028671512806149956,0.26562648625326357,-0.23867362314652396,0.16779438838013067,0.36836754736406396,0.11219214057878966,0.0,0.12019989884585658,0.48856388634361336,0.08786715732917767,0.19117374220495198,0.1489594009888928
Frontliners,-0.29907204570714574,0.07106731268506081,0.31832442871867667,-0.1060884709853962,-0.06983067256802887,-0.1979159495656437,0.13470242546157768,0.14691993620850008,0.21665106375182352,0.12019989884585658,0.0,-0.05584861610471484,0.32562760269604135,0.577373252170465,0.41905973811544717
masks,0.15748044304786493,-0.14099864199368822,-0.18947334312574263,0.2485647551567351,0.16023723801407946,-0.16881037999342285,-0.35011800853389574,0.20843451958975504,0.21139217797915708,0.48856388634361336,-0.05584861610471484,0.0,0.1242766177481619,-0.10267695697721631,-0.17846864721749583
Quarantine,-0.003947953081283645,-0.2254958889573327,0.34459788815881137,0.01904706037314821,0.058523292642828455,0.0355002332187754,0.027975043118246865,0.12109889247823077,0.42943681820447305,0.08786715732917767,0.32562760269604135,0.1242766177481619,0.0,0.02936306587566144,0.29004569345742726
social-distancing,-0.17254335596474266,0.1486587402719969,0.10335292256648289,0.1351807904127477,0.0963912294627047,-0.24277532162346604,-0.13352335638513216,0.07848360533117409,0.13499690777909085,0.19117374220495198,0.577373252170465,-0.10267695697721631,0.02936306587566144,0.0,0.14979842176336958
work-from-home,-0.061103327494769606,-0.11191473520461588,0.31239364507927964,-0.050349855214009115,0.15867722517150182,0.1254248188364124,0.13120235518778967,0.29831887045123395,0.16198155413244641,0.1489594009888928,0.41905973811544717,-0.17846864721749583,0.29004569345742726,0.14979842176336958,0.0
