,flu,cough,fever,headache,lagnat,rashes,sipon,ubo,ecq,face-shield,Frontliners,masks,Quarantine,social-distancing,work-from-home
flu,0.0,-0.1489003003083927,-0.046422692725907065,0.20605955425214909,0.2604609464037495,0.15200713846642686,-0.35889840941338347,-0.20999776901377623,-0.20603635433351528,0.059399610939988544,-0.2646060066499794,0.1916924920512754,-0.006344527865451527,-0.1804356831955066,-0.020921726973827024
cough,-0.1489003003083927,0.0,0.39253611807381134,0.019372657213199994,-0.06003369790353355,-0.540066176674497,0.40200823200527525,0.21753169552290422,-0.14681130736853396,0.06997440609048405,0.09453581087554712,-0.08872190594610505,-0.20154982228223225,0.1865157088826934,-0.04929660046114072
fever,-0.046422692725907065,0.39253611807381134,0.0,-0.048791456037538414,-0.17321009584216138,0.10985225936097802,0.44097165937133026,0.1829940285377993,-0.04825482475380219,0.10874456330044424,0.35147950010261664,-0.10355536123486282,0.3895334790655374,0.18720311134174566,0.3808672908246452
headache,0.20605955425214909,0.019372657213199994,-0.048791456037538414,0.0,0.00408772500112688,0.047001874345607556,-0.3670736835029703,-0.24451784893873402,0.1939236148271334,-0.10369799189483653,-0.16406499107299047,0.1521156981475045,0.035972120558569125,0.17661799569200518,-0.10961438919642415
lagnat,0.2604609464037495,-0.06003369790353355,-0.17321009584216138,0.00408772500112688,0.0,-0.12813645352898864,-0.2101258733132855,0.142014236224402,0.033436720547274194,0.27448580378994375,-0.0471303380542918,0.18258196496471857,0.05955344568917828,0.09639122946270474,0.17372689661692298
rashes,0.15200713846642686,-0.540066176674497,0.10985225936097802,0.047001874345607556,-0.12813645352898864,0.0,-0.12149580136659774,-0.449597522512452,0.060691086525539555,-0.21520667782796038,-0.1921537609582614,-0.15594118463877765,0.03893268518718928,-0.23646328016645687,0.11838147823785498
sipon,-0.35889840941338347,0.40200823200527525,0.44097165937133026,-0.3670736835029703,-0.2101258733132855,-0.12149580136659774,0.0,0.23149338849309817,2.5245889854685133e-05,0.18652166747875862,0.14419935981298257,-0.31018723298517786,0.05683274942937057,-0.08330576001688443,0.15991117749085063
ubo,-0.20999776901377623,0.21753169552290422,0.1829940285377993,-0.24451784893873402,0.142014236224402,-0.449597522512452,0.23149338849309817,0.0,0.061741146492951884,0.43929462771557687,0.20294030475304828,0.29221255196819856,0.1520268983734405,0.1355570920882274,0.378352436707471
ecq,-0.20603635433351528,-0.14681130736853396,-0.04825482475380219,0.1939236148271334,0.033436720547274194,0.060691086525539555,2.5245889854685133e-05,0.061741146492951884,0.0,0.1791244184005244,0.24840822808415405,0.2593824745966872,0.45810949494026354,0.194203744808249,0.22828232811085994
face-shield,0.059399610939988544,0.06997440609048405,0.10874456330044424,-0.10369799189483653,0.27448580378994375,-0.21520667782796038,0.18652166747875862,0.43929462771557687,0.1791244184005244,0.0,0.20051319616984956,0.566321576576963,0.13151659302809077,0.2602515071417134,0.290856843069992
Frontliners,-0.2646060066499794,0.09453581087554712,0.35147950010261664,-0.16406499107299047,-0.0471303380542918,-0.1921537609582614,0.14419935981298257,0.20294030475304828,0.24840822808415405,0.20051319616984956,0.0,0.03237912899334559,0.34968468913845796,0.6183611874975431,0.46821900131612565
masks,0.1916924920512754,-0.08872190594610505,-0.10355536123486282,0.1521156981475045,0.18258196496471857,-0.15594118463877765,-0.31018723298517786,0.29221255196819856,0.2593824745966872,0.566321576576963,0.03237912899334559,0.0,0.1684870317354133,-0.005754093101153194,0.002008864146375637
Quarantine,-0.006344527865451527,-0.20154982228223225,0.3895334790655374,0.035972120558569125,0.05955344568917828,0.03893268518718928,0.05683274942937057,0.1520268983734405,0.45810949494026354,0.13151659302809077,0.34968468913845796,0.1684870317354133,0.0,0.03234307532723013,0.31139733976282846
social-distancing,-0.1804356831955066,0.1865157088826934,0.18720311134174566,0.17661799569200518,0.09639122946270474,-0.23646328016645687,-0.08330576001688443,0.1355570920882274,0.194203744808249,0.2602515071417134,0.6183611874975431,-0.005754093101153194,0.03234307532723013,0.0,0.21388022101003096
work-from-home,-0.020921726973827024,-0.04929660046114072,0.3808672908246452,-0.10961438919642415,0.17372689661692298,0.11838147823785498,0.15991117749085063,0.378352436707471,0.22828232811085994,0.290856843069992,0.46821900131612565,0.002008864146375637,0.31139733976282846,0.21388022101003096,0.0
