,flu,cough,fever,headache,lagnat,rashes,sipon,ubo,ecq,face-shield,Frontliners,masks,Quarantine,social-distancing,work-from-home
flu,0.0,0.2564246178270786,-0.07523166280465673,-0.1597450799406017,0.10950596847112866,0.14111705340690198,0.26324104336393966,0.2134336099251936,0.20635501067947182,-0.11107610590195381,-0.06275168352760536,-0.10026199865754876,0.09488062851042495,0.05386839216640781,0.2565346943952241
cough,0.2564246178270786,0.0,-0.2084428362601757,0.15885202877900456,-0.2180504136873892,-0.14994561651335714,-0.242279611354552,-0.11009602803269948,-0.05338792295044583,0.025949242646793894,0.04515796832251218,-0.029580811645741945,0.2273737218703513,-0.14255675526332123,0.0059010103468192954
fever,-0.07523166280465673,-0.2084428362601757,0.0,0.14122338354866737,-0.11842148971338876,0.20598826202761034,0.03923059183499957,-0.04811616524931423,-0.2257164451419627,0.05019001968898008,-0.20809818731749516,0.09296875838282491,-0.21724664321843218,0.21558958410358275,-0.08538688235426428
headache,-0.1597450799406017,0.15885202877900456,0.14122338354866737,0.0,0.30143053588520174,0.17352948628454998,0.014969143784433075,0.05567650561840682,-0.2803485360316754,-0.13015581093842404,-0.19444066929303058,0.1397718346704386,0.05446838731854363,-0.04338783200150999,-0.0868346088669682
lagnat,0.10950596847112866,-0.2180504136873892,-0.11842148971338876,0.30143053588520174,0.0,0.04991057286610277,0.05188054473293057,0.19110117763877407,-0.1933418410378556,-0.13694319921903533,-0.21312779618688654,0.11164490435773179,0.019715118059508978,-0.1426092735968896,0.21765800293717802
rashes,0.14111705340690198,-0.14994561651335714,0.20598826202761034,0.17352948628454998,0.04991057286610277,0.0,0.5543551483699581,-0.04513974207629072,-0.22270379549378233,-0.11974790622553423,-0.22975533771090273,-0.04248911997521671,-0.10032850802079399,0.17074637379476978,-0.07935930873333566
sipon,0.26324104336393966,-0.242279611354552,0.03923059183499957,0.014969143784433075,0.05188054473293057,0.5543551483699581,0.0,-0.12844784165476983,-0.04713719946877788,-0.1725438254577154,-0.2575320358340434,-0.07189435456127168,-0.014598054911099436,0.05819353104812713,-0.23318439256673293
ubo,0.2134336099251936,-0.11009602803269948,-0.04811616524931423,0.05567650561840682,0.19110117763877407,-0.04513974207629072,-0.12844784165476983,0.0,0.5592876842160069,0.0947729973119921,0.09768803434280535,0.30686694054195607,0.19261936306821684,-0.25806418062947817,0.2404126490326611
ecq,0.20635501067947182,-0.05338792295044583,-0.2257164451419627,-0.2803485360316754,-0.1933418410378556,-0.22270379549378233,-0.04713719946877788,0.5592876842160069,0.0,0.14406995486043425,0.3744126935636452,0.20565389663548483,0.4165168483827956,-0.04377225350510477,0.3049880188051143
face-shield,-0.11107610590195381,0.025949242646793894,0.05019001968898008,-0.13015581093842404,-0.13694319921903533,-0.11974790622553423,-0.1725438254577154,0.0947729973119921,0.14406995486043425,0.0,0.4663414225559928,0.06488053012634923,0.30214355251088093,-0.44937527595309246,-0.12214375603463908
Frontliners,-0.06275168352760536,0.04515796832251218,-0.20809818731749516,-0.19444066929303058,-0.21312779618688654,-0.22975533771090273,-0.2575320358340434,0.09768803434280535,0.3744126935636452,0.4663414225559928,0.0,0.04826180716105766,0.5066887528476947,-0.3894007364848429,0.1432276052532095
masks,-0.10026199865754876,-0.029580811645741945,0.09296875838282491,0.1397718346704386,0.11164490435773179,-0.04248911997521671,-0.07189435456127168,0.30686694054195607,0.20565389663548483,0.06488053012634923,0.04826180716105766,0.0,0.34253366892790316,-0.08363226263433225,0.30773347154991915
Quarantine,0.09488062851042495,0.2273737218703513,-0.21724664321843218,0.05446838731854363,0.019715118059508978,-0.10032850802079399,-0.014598054911099436,0.19261936306821684,0.4165168483827956,0.30214355251088093,0.5066887528476947,0.34253366892790316,0.0,-0.3423562064517913,0.14685711343751687
social-distancing,0.05386839216640781,-0.14255675526332123,0.21558958410358275,-0.04338783200150999,-0.1426092735968896,0.17074637379476978,0.05819353104812713,-0.25806418062947817,-0.04377225350510477,-0.44937527595309246,-0.3894007364848429,-0.08363226263433225,-0.3423562064517913,0.0,0.15760296425446627
work-from-home,0.2565346943952241,0.0059010103468192954,-0.08538688235426428,-0.0868346088669682,0.21765800293717802,-0.07935930873333566,-0.23318439256673293,0.2404126490326611,0.3049880188051143,-0.12214375603463908,0.1432276052532095,0.30773347154991915,0.14685711343751687,0.15760296425446627,0.0
