,flu,cough,fever,headache,lagnat,rashes,sipon,ubo,ecq,face-shield,Frontliners,masks,Quarantine,social-distancing,work-from-home
flu,0.0,0.19151290571241736,0.08686315673917878,-0.03991932909679151,-0.3754629389158073,0.19299962164614454,0.2573111247374918,-0.07438515586504725,0.31154495945224264,0.4766634064696819,0.04527490189119663,-0.4179816588706033,0.41135668706752093,0.006341754215316226,-0.2779054961998187
cough,0.19151290571241736,0.0,-0.3087049757563137,-0.07657115534065982,-0.15205154084265307,-0.18342267951695812,-0.2130558869757554,0.0071654853635305625,-0.3861096898339006,-0.06087168366171271,0.07326214854782385,-0.02670538488440232,-0.01338183394153141,0.14082134230632418,0.09105355210437012
fever,0.08686315673917878,-0.3087049757563137,0.0,0.028547975045091614,0.09813960102122078,0.25711276685781675,0.31437492191864136,-0.21557560131492134,0.30255560064243037,0.21970254149861668,-0.09159551878315762,0.07163344675747417,0.2996189969881498,-0.16708292580145898,-0.07240709177129882
headache,-0.03991932909679151,-0.07657115534065982,0.028547975045091614,0.0,-0.09234889647601134,0.04655014096595378,-0.10923771704365785,0.02030753919232973,-0.05204951132953321,0.1438650531165524,0.07467965331744013,0.12550439007486883,0.2370812710114093,-0.12544447603773629,0.037177388938055465
lagnat,-0.3754629389158073,-0.15205154084265307,0.09813960102122078,-0.09234889647601134,0.0,0.10085164321989716,0.06406924946704715,0.09560312110679287,-0.10831890047430381,-0.26880250411897794,-0.19714432729161976,0.16068642823357326,-0.2195385557380216,0.08922357089852215,0.2729559078028727
rashes,0.19299962164614454,-0.18342267951695812,0.25711276685781675,0.04655014096595378,0.10085164321989716,0.0,0.472682382306017,-0.09289717513348557,0.04563625086792585,0.3072692898964186,-0.03793252417222624,-0.2061422590857181,0.17587869840422657,-0.15853389411473823,-0.35059627210635963
sipon,0.2573111247374918,-0.2130558869757554,0.31437492191864136,-0.10923771704365785,0.06406924946704715,0.472682382306017,0.0,-0.20602651443573694,0.18646696219912182,0.31974084378843187,0.012268708860676311,-0.07800494740904894,0.25363556312685753,0.02690844706871477,-0.5011330066863712
ubo,-0.07438515586504725,0.0071654853635305625,-0.21557560131492134,0.02030753919232973,0.09560312110679287,-0.09289717513348557,-0.20602651443573694,0.0,0.0757772129946857,-0.16133854021929114,-0.08966346202057375,-0.18846578344023998,-0.2597885623878268,-0.30518769726960815,-0.040353002644669796
ecq,0.31154495945224264,-0.3861096898339006,0.30255560064243037,-0.05204951132953321,-0.10831890047430381,0.04563625086792585,0.18646696219912182,0.0757772129946857,0.0,0.46349354631145673,0.41103155150074494,-0.013990410537325327,0.6471078544245551,-0.030602136302168695,0.13102858063106615
face-shield,0.4766634064696819,-0.06087168366171271,0.21970254149861668,0.1438650531165524,-0.26880250411897794,0.3072692898964186,0.31974084378843187,-0.16133854021929114,0.46349354631145673,0.0,0.6333389213436654,-0.36381048161578383,0.8111378215768374,-0.21612639235438558,-0.31056260303352323
Frontliners,0.04527490189119663,0.07326214854782385,-0.09159551878315762,0.07467965331744013,-0.19714432729161976,-0.03793252417222624,0.012268708860676311,-0.08966346202057375,0.41103155150074494,0.6333389213436654,0.0,-0.29028237230225645,0.6826454261958614,-0.3293093820534,-0.015084690244638318
masks,-0.4179816588706033,-0.02670538488440232,0.07163344675747417,0.12550439007486883,0.16068642823357326,-0.2061422590857181,-0.07800494740904894,-0.18846578344023998,-0.013990410537325327,-0.36381048161578383,-0.29028237230225645,0.0,-0.0490186334061126,0.3892801822126194,0.3521440458275679
Quarantine,0.41135668706752093,-0.01338183394153141,0.2996189969881498,0.2370812710114093,-0.2195385557380216,0.17587869840422657,0.25363556312685753,-0.2597885623878268,0.6471078544245551,0.8111378215768374,0.6826454261958614,-0.0490186334061126,0.0,-0.08709637813250641,-0.045666459718265995
social-distancing,0.006341754215316226,0.14082134230632418,-0.16708292580145898,-0.12544447603773629,0.08922357089852215,-0.15853389411473823,0.02690844706871477,-0.30518769726960815,-0.030602136302168695,-0.21612639235438558,-0.3293093820534,0.3892801822126194,-0.08709637813250641,0.0,0.23535735404846128
work-from-home,-0.2779054961998187,0.09105355210437012,-0.07240709177129882,0.037177388938055465,0.2729559078028727,-0.35059627210635963,-0.5011330066863712,-0.040353002644669796,0.13102858063106615,-0.31056260303352323,-0.015084690244638318,0.3521440458275679,-0.045666459718265995,0.23535735404846128,0.0
