,flu,cough,fever,headache,lagnat,rashes,sipon,ubo,ecq,face-shield,Frontliners,masks,Quarantine,social-distancing,work-from-home
flu,0.0,-0.1087489360954456,0.24117549433601465,0.04901251917907781,-0.16917589386274887,0.040993676114719636,0.00545027520200348,0.08098107966934615,0.09975721871573556,0.15907550274448218,-0.03646956661501786,-0.18851000627483178,0.32214025002213553,-0.14804813277820425,0.17772226203549785
cough,-0.1087489360954456,0.0,0.08199588519628741,0.25265020608545785,0.03160908799177044,0.12797495017734292,-0.1873541366617358,-0.34916639535704175,0.024946321675599986,0.34873662240040293,-0.14766050326161226,0.00731590254809316,-0.02206940274633776,0.00924242333562323,-0.0638702905390545
fever,0.24117549433601465,0.08199588519628741,0.0,0.4904115702200275,0.01360243020747065,0.5443562538849063,0.04201062158998377,-0.04926068471634128,-0.03410772433993451,0.09821041658473406,-0.26960997540393017,-0.048773742569977824,0.43650551193494935,0.15492908331691463,0.034940940785245185
headache,0.04901251917907781,0.25265020608545785,0.4904115702200275,0.0,-0.0278113542207517,0.5171858262519473,-0.14300958741205197,-0.10106518172141518,-0.21176476254461654,0.1737269871853028,-0.17429969380073515,-0.04810345611699879,0.009915681420847202,-0.12330171874912198,-0.01187139766004749
lagnat,-0.16917589386274887,0.03160908799177044,0.01360243020747065,-0.0278113542207517,0.0,0.1152584995543972,-0.17074142156035757,0.0830402628945112,-0.16196038569063542,0.002598622731561351,-0.02670687716390594,-0.09863009776596872,-0.2268319288450509,0.04757219730671553,0.14571114129474017
rashes,0.040993676114719636,0.12797495017734292,0.5443562538849063,0.5171858262519473,0.1152584995543972,0.0,0.004113195919687765,-0.2595736661540244,-0.3612529186823232,0.5102404333035933,-0.1883468952019216,0.08104669208619995,0.2882156209946238,0.25969321901505166,0.40035526597139076
sipon,0.00545027520200348,-0.1873541366617358,0.04201062158998377,-0.14300958741205197,-0.17074142156035757,0.004113195919687765,0.0,0.11223061940422382,0.2891901975866538,-0.01426871993480903,0.05588501371472882,-0.3573848313563706,-0.009422354117208582,-0.19084771714369195,-0.20438896416082403
ubo,0.08098107966934615,-0.34916639535704175,-0.04926068471634128,-0.10106518172141518,0.0830402628945112,-0.2595736661540244,0.11223061940422382,0.0,0.17046494460503167,-0.4181060764519458,-0.27033163381521874,-0.019894871039278096,-0.1176489127059149,-0.06370290126097355,-0.31426763329106255
ecq,0.09975721871573556,0.024946321675599986,-0.03410772433993451,-0.21176476254461654,-0.16196038569063542,-0.3612529186823232,0.2891901975866538,0.17046494460503167,0.0,-0.3445932495506855,0.4409163118610369,0.19293501305707997,0.35991879725072035,0.04974453716471675,-0.4208073382363985
face-shield,0.15907550274448218,0.34873662240040293,0.09821041658473406,0.1737269871853028,0.002598622731561351,0.5102404333035933,-0.01426871993480903,-0.4181060764519458,-0.3445932495506855,0.0,-0.24791924240064042,-0.1327428992450312,0.2614609426730288,0.14915997399215594,0.15867088236388271
Frontliners,-0.03646956661501786,-0.14766050326161226,-0.26960997540393017,-0.17429969380073515,-0.02670687716390594,-0.1883468952019216,0.05588501371472882,-0.27033163381521874,0.4409163118610369,-0.24791924240064042,0.0,0.39059480616469744,0.13035142365850294,-0.11932332608356493,-0.06922849850882008
masks,-0.18851000627483178,0.00731590254809316,-0.048773742569977824,-0.04810345611699879,-0.09863009776596872,0.08104669208619995,-0.3573848313563706,-0.019894871039278096,0.19293501305707997,-0.1327428992450312,0.39059480616469744,0.0,0.3715369480406842,0.20197530269460182,-0.029643005416135463
Quarantine,0.32214025002213553,-0.02206940274633776,0.43650551193494935,0.009915681420847202,-0.2268319288450509,0.2882156209946238,-0.009422354117208582,-0.1176489127059149,0.35991879725072035,0.2614609426730288,0.13035142365850294,0.3715369480406842,0.0,0.12317859673194151,-0.030725990617284874
social-distancing,-0.14804813277820425,0.00924242333562323,0.15492908331691463,-0.12330171874912198,0.04757219730671553,0.25969321901505166,-0.19084771714369195,-0.06370290126097355,0.04974453716471675,0.14915997399215594,-0.11932332608356493,0.20197530269460182,0.12317859673194151,0.0,0.23103322312003038
work-from-home,0.17772226203549785,-0.0638702905390545,0.034940940785245185,-0.01187139766004749,0.14571114129474017,0.40035526597139076,-0.20438896416082403,-0.31426763329106255,-0.4208073382363985,0.15867088236388271,-0.06922849850882008,-0.029643005416135463,-0.030725990617284874,0.23103322312003038,0.0
