,flu,cough,fever,headache,lagnat,rashes,sipon,ubo,ecq,face-shield,Frontliners,masks,Quarantine,social-distancing,work-from-home
flu,0.0,0.4771955883268312,0.31372413008868116,-0.020373626352784155,0.6214387299604663,-0.23112910197095132,0.06199814423198446,0.41414681211141346,0.3923659084347084,0.8268722186746483,-0.23448173842963263,0.3630528701534437,0.3591366632191394,0.07499989533166052,0.4139085478378473
cough,0.4771955883268312,0.0,0.06947909743947811,-0.08667679695398191,0.08586457965276786,-0.2073665083986074,0.24252625762264265,0.1975690293375202,0.2324058905062905,0.48072227756596697,0.11865270600051075,0.13121029813304333,0.16504146668035638,-0.2757316083369978,0.0803280279876978
fever,0.31372413008868116,0.06947909743947811,0.0,0.36038044541275294,0.08054741384544542,0.26909112558685705,-0.015333920520272906,0.18705150214037078,0.1496117439508668,0.25465913557904707,-0.06393496319378984,-0.25706283331639046,0.08059921951226351,0.061556705126541225,0.08242499482818508
headache,-0.020373626352784155,-0.08667679695398191,0.36038044541275294,0.0,-0.1897140911650018,0.23422637764258378,-0.00014246571160321937,0.10558782215836836,0.11733806726949254,-0.1052074503071819,0.3222008463074249,-0.004384570327212054,0.023102327004418926,0.17503510756920307,0.031034182473687687
lagnat,0.6214387299604663,0.08586457965276786,0.08054741384544542,-0.1897140911650018,0.0,-0.18874913040669428,0.016058681347323505,0.29957931832044826,-0.0375654170872892,0.5500520021428452,-0.34421314242614215,0.2535456424323012,-0.1141689401827911,-0.08189611859587276,0.2526911161913906
rashes,-0.23112910197095132,-0.2073665083986074,0.26909112558685705,0.23422637764258378,-0.18874913040669428,0.0,0.05143864174171172,0.1180408846442563,0.018841802671059504,-0.34497888457676806,0.10553377533533326,-0.31452518921236494,-0.07658450399771853,0.00204747386271428,-0.3938829989272365
sipon,0.06199814423198446,0.24252625762264265,-0.015333920520272906,-0.00014246571160321937,0.016058681347323505,0.05143864174171172,0.0,0.14126541359892292,0.18222397883713978,0.09096195416102337,0.10569067145982007,-0.24368865491662395,0.10048446519209907,-0.16372728303935236,-0.03335599126255797
ubo,0.41414681211141346,0.1975690293375202,0.18705150214037078,0.10558782215836836,0.29957931832044826,0.1180408846442563,0.14126541359892292,0.0,0.14241690337534516,0.39168296434444444,-0.22706278658516715,0.06311995468463891,0.0006425139484871391,0.011321155639777364,0.42381682000577675
ecq,0.3923659084347084,0.2324058905062905,0.1496117439508668,0.11733806726949254,-0.0375654170872892,0.018841802671059504,0.18222397883713978,0.14241690337534516,0.0,0.20482602767677704,0.40367465440938094,-0.0569407577901823,0.9174054107205416,0.014567301454940012,0.3370550511104094
face-shield,0.8268722186746483,0.48072227756596697,0.25465913557904707,-0.1052074503071819,0.5500520021428452,-0.34497888457676806,0.09096195416102337,0.39168296434444444,0.20482602767677704,0.0,-0.31505432379021403,0.28306948128508624,0.18420513767897725,-0.12378160385619284,0.49040405916743834
Frontliners,-0.23448173842963263,0.11865270600051075,-0.06393496319378984,0.3222008463074249,-0.34421314242614215,0.10553377533533326,0.10569067145982007,-0.22706278658516715,0.40367465440938094,-0.31505432379021403,0.0,-0.3128056558250345,0.4570549927238519,0.0894650530872506,0.09644056444918238
masks,0.3630528701534437,0.13121029813304333,-0.25706283331639046,-0.004384570327212054,0.2535456424323012,-0.31452518921236494,-0.24368865491662395,0.06311995468463891,-0.0569407577901823,0.28306948128508624,-0.3128056558250345,0.0,-0.07098736394271668,0.27329033682457293,0.06942017622921669
Quarantine,0.3591366632191394,0.16504146668035638,0.08059921951226351,0.023102327004418926,-0.1141689401827911,-0.07658450399771853,0.10048446519209907,0.0006425139484871391,0.9174054107205416,0.18420513767897725,0.4570549927238519,-0.07098736394271668,0.0,0.06252150405543572,0.39770569691038304
social-distancing,0.07499989533166052,-0.2757316083369978,0.061556705126541225,0.17503510756920307,-0.08189611859587276,0.00204747386271428,-0.16372728303935236,0.011321155639777364,0.014567301454940012,-0.12378160385619284,0.0894650530872506,0.27329033682457293,0.06252150405543572,0.0,0.06917083231878336
work-from-home,0.4139085478378473,0.0803280279876978,0.08242499482818508,0.031034182473687687,0.2526911161913906,-0.3938829989272365,-0.03335599126255797,0.42381682000577675,0.3370550511104094,0.49040405916743834,0.09644056444918238,0.06942017622921669,0.39770569691038304,0.06917083231878336,0.0
