,flu,cough,fever,headache,lagnat,rashes,sipon,ubo,ecq,face-shield,Frontliners,masks,Quarantine,social-distancing,work-from-home
flu,0.0,0.4362081395853241,-0.254312794877987,-0.49030768454623097,-0.1915618228847962,-0.24389378434105677,0.16152041369141037,0.26590187856754155,0.48078713282542573,0.37347631205074505,-0.5573376025329358,0.3518379180385283,0.48522405007221675,0.18753450655832168,0.01853346636100584
cough,0.4362081395853241,0.0,-0.3522669967698119,-0.39239627029804375,0.2612110849591949,-0.1189366517900365,0.4792507995044774,0.18895967904984515,0.2571129341138566,0.45516579882106967,-0.34620821938515367,0.1576216983285775,0.34610024864999306,0.13112706306621474,-0.13496676119192286
fever,-0.254312794877987,-0.3522669967698119,0.0,0.3396226553328951,-0.04949675558161635,0.4610233032424485,-0.22944204741077645,-0.09459068459010263,0.033028210510825225,-0.15964401290690164,0.25651245834149294,-0.11631745389591046,0.09422659373994367,-0.2597516257667951,-0.08625844769017268
headache,-0.49030768454623097,-0.39239627029804375,0.3396226553328951,0.0,-0.19484980816145123,0.3918648832571283,-0.2609984044467995,-0.24600480677265063,-0.14216049457354718,-0.2228725786193106,0.5922974642272896,-0.3360596648171291,-0.24274369478829852,-0.13792212613942717,-0.16467110918038377
lagnat,-0.1915618228847962,0.2612110849591949,-0.04949675558161635,-0.19484980816145123,0.0,-0.06486501770736929,0.25792522832197173,0.014247463974190553,-0.12242132517058461,0.027452638642267744,-0.11381707857284594,0.02365850286586388,0.14761788816508126,-0.011530820951718302,0.3322166956634187
rashes,-0.24389378434105677,-0.1189366517900365,0.4610233032424485,0.3918648832571283,-0.06486501770736929,0.0,-0.13271305558019567,0.12536240184534478,-0.2255244926296961,-0.27802441635031133,0.20037701213874978,-0.3149535176531724,-0.010698031282244549,-0.4118856754298251,-0.3427859521365325
sipon,0.16152041369141037,0.4792507995044774,-0.22944204741077645,-0.2609984044467995,0.25792522832197173,-0.13271305558019567,0.0,-0.009445481082553176,0.27934813050373003,0.3083627166057887,-0.10287804852965747,0.11923801667569085,0.2181953103224082,0.28223660073726897,-0.06051379506710747
ubo,0.26590187856754155,0.18895967904984515,-0.09459068459010263,-0.24600480677265063,0.014247463974190553,0.12536240184534478,-0.009445481082553176,0.0,-0.2126166118003622,-0.10722225096757246,-0.23885640903535685,-0.1322105778633369,-0.22990071439779383,-0.18629944085599026,0.03222431806341104
ecq,0.48078713282542573,0.2571129341138566,0.033028210510825225,-0.14216049457354718,-0.12242132517058461,-0.2255244926296961,0.27934813050373003,-0.2126166118003622,0.0,0.6685496089944829,-0.33257679598141,0.44165587799292905,0.695934169789161,0.36438823109964025,0.025417775540343614
face-shield,0.37347631205074505,0.45516579882106967,-0.15964401290690164,-0.2228725786193106,0.027452638642267744,-0.27802441635031133,0.3083627166057887,-0.10722225096757246,0.6685496089944829,0.0,-0.2655534271459269,0.5223128275399711,0.6144316711839969,0.4887367635578717,0.06544318254526464
Frontliners,-0.5573376025329358,-0.34620821938515367,0.25651245834149294,0.5922974642272896,-0.11381707857284594,0.20037701213874978,-0.10287804852965747,-0.23885640903535685,-0.33257679598141,-0.2655534271459269,0.0,-0.15072494893833613,-0.25938940163912383,-0.24368227257114614,-0.19146655151101175
masks,0.3518379180385283,0.1576216983285775,-0.11631745389591046,-0.3360596648171291,0.02365850286586388,-0.3149535176531724,0.11923801667569085,-0.1322105778633369,0.44165587799292905,0.5223128275399711,-0.15072494893833613,0.0,0.5386511292523938,0.3511235635576271,0.3796761256020886
Quarantine,0.48522405007221675,0.34610024864999306,0.09422659373994367,-0.24274369478829852,0.14761788816508126,-0.010698031282244549,0.2181953103224082,-0.22990071439779383,0.695934169789161,0.6144316711839969,-0.25938940163912383,0.5386511292523938,0.0,0.4162923033089782,0.038446065961732424
social-distancing,0.18753450655832168,0.13112706306621474,-0.2597516257667951,-0.13792212613942717,-0.011530820951718302,-0.4118856754298251,0.28223660073726897,-0.18629944085599026,0.36438823109964025,0.4887367635578717,-0.24368227257114614,0.3511235635576271,0.4162923033089782,0.0,0.17841984975348657
work-from-home,0.01853346636100584,-0.13496676119192286,-0.08625844769017268,-0.16467110918038377,0.3322166956634187,-0.3427859521365325,-0.06051379506710747,0.03222431806341104,0.025417775540343614,0.06544318254526464,-0.19146655151101175,0.3796761256020886,0.038446065961732424,0.17841984975348657,0.0
