,flu,cough,fever,headache,lagnat,rashes,sipon,ubo,ecq,face-shield,Frontliners,masks,Quarantine,social-distancing,work-from-home
flu,0.0,0.7504954274735026,0.41006841660346605,0.3244453483649161,-0.12620655030432884,0.12801069622138533,0.5664541743090415,0.16497221060528774,0.7126033406086993,0.46753100849410756,-0.044494532625389965,0.019257684005285554,0.4014891862874998,-0.10688952046174882,0.12202059471085247
cough,0.7504954274735026,0.0,0.42985204256974685,0.2916804944958144,-0.04875581877404891,0.16009247610287833,0.7489241614220907,0.1292601136029768,0.6563143156331182,0.3815615377380305,-0.26557279516918075,0.09276168266437197,0.34849598524276576,-0.07689169843718228,-0.016118790911616915
fever,0.41006841660346605,0.42985204256974685,0.0,0.4169440202735426,-0.08648804278077883,-0.03055736744834879,0.4342543688098283,0.17253256659957,0.31664840432569696,0.3065580634668192,-0.2873543516146454,0.49008822976045646,0.10695384126120767,0.312251127580552,-0.06297205941862512
headache,0.3244453483649161,0.2916804944958144,0.4169440202735426,0.0,-0.16544064622734278,0.11765634493148834,0.5183468949023259,0.11404473136678496,0.20581166550946045,0.04468633477088804,-0.302169717360533,0.4948717005213436,-0.056527660176613155,0.33502662203668576,0.07475755541491425
lagnat,-0.12620655030432884,-0.04875581877404891,-0.08648804278077883,-0.16544064622734278,0.0,-0.2146096401046272,-0.1321901551106136,0.2433762756822418,-0.19190895700193714,0.03846841048249043,-0.08490704499915744,-0.1642628880976409,-0.2357810858665666,0.01593664527717667,0.037392672480651014
rashes,0.12801069622138533,0.16009247610287833,-0.03055736744834879,0.11765634493148834,-0.2146096401046272,0.0,0.1963573121571057,0.07098719391822852,0.06758198909685668,0.022237763565079394,-0.13447577231849372,0.2972506829557167,0.007455889560078051,0.017494695365651514,-0.2429082118075575
sipon,0.5664541743090415,0.7489241614220907,0.4342543688098283,0.5183468949023259,-0.1321901551106136,0.1963573121571057,0.0,0.1898010926029533,0.5385017114465536,0.18848915465677282,-0.3256408137805254,0.34388695171787403,0.25204432569884516,-0.0893779692036181,0.03531348047984733
ubo,0.16497221060528774,0.1292601136029768,0.17253256659957,0.11404473136678496,0.2433762756822418,0.07098719391822852,0.1898010926029533,0.0,0.1782131694657736,0.2783064244609581,0.25473407357969385,-0.02436186337034754,-0.03183536822590275,0.033390857949561634,0.09030500336651763
ecq,0.7126033406086993,0.6563143156331182,0.31664840432569696,0.20581166550946045,-0.19190895700193714,0.06758198909685668,0.5385017114465536,0.1782131694657736,0.0,0.056020303754475705,0.20595364872289515,-0.18653885559009048,0.7576558645976234,-0.1169956297977953,0.18943086525499095
face-shield,0.46753100849410756,0.3815615377380305,0.3065580634668192,0.04468633477088804,0.03846841048249043,0.022237763565079394,0.18848915465677282,0.2783064244609581,0.056020303754475705,0.0,-0.023619926515186726,-0.039056784686948155,0.0854061593393771,-0.14238363156289813,-0.10649047719703092
Frontliners,-0.044494532625389965,-0.26557279516918075,-0.2873543516146454,-0.302169717360533,-0.08490704499915744,-0.13447577231849372,-0.3256408137805254,0.25473407357969385,0.20595364872289515,-0.023619926515186726,0.0,-0.6751096820996639,0.45807006838668807,-0.0852498068527342,0.22071264750359712
masks,0.019257684005285554,0.09276168266437197,0.49008822976045646,0.4948717005213436,-0.1642628880976409,0.2972506829557167,0.34388695171787403,-0.02436186337034754,-0.18653885559009048,-0.039056784686948155,-0.6751096820996639,0.0,-0.5004093152888133,0.23311485922644462,-0.14829242489772493
Quarantine,0.4014891862874998,0.34849598524276576,0.10695384126120767,-0.056527660176613155,-0.2357810858665666,0.007455889560078051,0.25204432569884516,-0.03183536822590275,0.7576558645976234,0.0854061593393771,0.45807006838668807,-0.5004093152888133,0.0,-0.11750858883281472,0.25621174184090434
social-distancing,-0.10688952046174882,-0.07689169843718228,0.312251127580552,0.33502662203668576,0.01593664527717667,0.017494695365651514,-0.0893779692036181,0.033390857949561634,-0.1169956297977953,-0.14238363156289813,-0.0852498068527342,0.23311485922644462,-0.11750858883281472,0.0,0.10117804914185936
work-from-home,0.12202059471085247,-0.016118790911616915,-0.06297205941862512,0.07475755541491425,0.037392672480651014,-0.2429082118075575,0.03531348047984733,0.09030500336651763,0.18943086525499095,-0.10649047719703092,0.22071264750359712,-0.14829242489772493,0.25621174184090434,0.10117804914185936,0.0
