,flu,cough,fever,headache,lagnat,rashes,sipon,ubo,ecq,face-shield,Frontliners,masks,Quarantine,social-distancing,work-from-home
flu,0.0,0.15071343424787756,-0.18063107839183065,0.03439995365792576,-0.2046192961921344,-0.1290599041427433,0.11785743979548596,-0.26816774821628697,0.6451281045916312,-0.08544069889029021,0.10704410739211398,0.02442365087312457,0.16464343986763855,-0.5020043982772108,-0.010723534550120121
cough,0.15071343424787756,0.0,0.26047084460624037,0.36987179178579194,0.2871531679238364,0.24609182335136504,0.3310421294633055,-0.0714405951848871,-0.11121105394812199,0.20124855302892386,-0.5504522604695953,0.3271590205049511,-0.2014319178894304,0.11229124437091055,-0.2948179679015501
fever,-0.18063107839183065,0.26047084460624037,0.0,0.20281934629222598,0.03708549360932373,0.09313352735988012,0.2161344389115365,0.05412802365149993,-0.2673579595285965,0.1146651066575057,-0.41741471436378785,0.5707931523057057,-0.2647885533945886,0.29123979675151807,-0.2942149613812857
headache,0.03439995365792576,0.36987179178579194,0.20281934629222598,0.0,-0.0528146214609685,-0.0073684166535475755,0.3596256405730908,0.005910561635150207,0.009925736709250616,-0.11397484990244588,-0.2695928008835293,0.5336149032815021,-0.22986837239103006,0.06151392377385597,-0.08260874340255549
lagnat,-0.2046192961921344,0.2871531679238364,0.03708549360932373,-0.0528146214609685,0.0,-0.14064797324503747,-0.02594500888981296,0.160861493650659,-0.2577025939936421,-0.027551696819249964,-0.1923774959751234,-0.11184749969829348,-0.12268633129413495,0.2778258947208082,-0.05116463021651338
rashes,-0.1290599041427433,0.24609182335136504,0.09313352735988012,-0.0073684166535475755,-0.14064797324503747,0.0,0.1994903389002879,0.15412856420442017,-0.34027555059495773,0.28107696410185595,-0.3486047147488539,0.4225515307374898,-0.28093190118615374,-0.05273823900980885,-0.4665801035458006
sipon,0.11785743979548596,0.3310421294633055,0.2161344389115365,0.3596256405730908,-0.02594500888981296,0.1994903389002879,0.0,-0.07930977887031562,-0.060267507174259306,0.07292378412225226,-0.5201064427993797,0.5017133002993942,-0.25880077821681835,-0.056667137748083525,-0.038480539616152325
ubo,-0.26816774821628697,-0.0714405951848871,0.05412802365149993,0.005910561635150207,0.160861493650659,0.15412856420442017,-0.07930977887031562,0.0,-0.14116434081917884,0.18034065892468,0.2207947273368457,-0.06608192803585955,-0.2949444450585204,0.08587844393088977,-0.24520775517103063
ecq,0.6451281045916312,-0.11121105394812199,-0.2673579595285965,0.009925736709250616,-0.2577025939936421,-0.34027555059495773,-0.060267507174259306,-0.14116434081917884,0.0,-0.519570400536328,0.459021701714431,-0.2359708529118266,0.5887993975882904,-0.4854004454127039,0.1708647695458779
face-shield,-0.08544069889029021,0.20124855302892386,0.1146651066575057,-0.11397484990244588,-0.027551696819249964,0.28107696410185595,0.07292378412225226,0.18034065892468,-0.519570400536328,0.0,-0.27590953005443897,0.07449802012980382,-0.2132873987642317,-0.06219448305683583,-0.5040860523246639
Frontliners,0.10704410739211398,-0.5504522604695953,-0.41741471436378785,-0.2695928008835293,-0.1923774959751234,-0.3486047147488539,-0.5201064427993797,0.2207947273368457,0.459021701714431,-0.27590953005443897,0.0,-0.6614550052916546,0.5763576392061406,-0.20256502071296886,0.2858505839207442
masks,0.02442365087312457,0.3271590205049511,0.5707931523057057,0.5336149032815021,-0.11184749969829348,0.4225515307374898,0.5017133002993942,-0.06608192803585955,-0.2359708529118266,0.07449802012980382,-0.6614550052916546,0.0,-0.5362948792460027,0.2096880475376169,-0.27026106648271264
Quarantine,0.16464343986763855,-0.2014319178894304,-0.2647885533945886,-0.22986837239103006,-0.12268633129413495,-0.28093190118615374,-0.25880077821681835,-0.2949444450585204,0.5887993975882904,-0.2132873987642317,0.5763576392061406,-0.5362948792460027,0.0,-0.245686598097902,0.26587466555811295
social-distancing,-0.5020043982772108,0.11229124437091055,0.29123979675151807,0.06151392377385597,0.2778258947208082,-0.05273823900980885,-0.056667137748083525,0.08587844393088977,-0.4854004454127039,-0.06219448305683583,-0.20256502071296886,0.2096880475376169,-0.245686598097902,0.0,0.24645090762748592
work-from-home,-0.010723534550120121,-0.2948179679015501,-0.2942149613812857,-0.08260874340255549,-0.05116463021651338,-0.4665801035458006,-0.038480539616152325,-0.24520775517103063,0.1708647695458779,-0.5040860523246639,0.2858505839207442,-0.27026106648271264,0.26587466555811295,0.24645090762748592,0.0
