,flu,cough,fever,headache,lagnat,rashes,sipon,ubo,ecq,face-shield,Frontliners,masks,Quarantine,social-distancing,work-from-home
flu,0.0,-0.03638180178467309,-0.21365116764908396,0.10614065691578273,0.0750265884933846,0.2691560497913493,-0.06564402592946342,0.18029470625760788,0.1449647942459007,-0.008295797182560747,0.10099346504082937,-0.2521347553065533,-0.008454581720249365,0.10504799732540546,0.04306168630124571
cough,-0.03638180178467309,0.0,-0.04600520680967813,-0.057859252508207136,-0.14024416191455544,-0.15970045367547447,-0.09345350031956676,-0.2258300752266719,0.27629369263786896,-0.2784340356868539,0.12337573206295477,0.09965657384177745,0.19180946167897925,-0.3069108942580876,0.0649655930620705
fever,-0.21365116764908396,-0.04600520680967813,0.0,0.3935281611063711,-0.03027857337148314,0.08371667556663133,-0.27046437963861497,-0.12052285189503305,-0.4821347297509358,0.2539610032451025,-0.2999124503688951,-0.01771019543782802,-0.2972645981033829,-0.07197325098279311,-0.14816160079084972
headache,0.10614065691578273,-0.057859252508207136,0.3935281611063711,0.0,0.17552523386827779,0.21645618377899375,0.028994808455319716,0.2650496530620762,-0.19472274303571838,0.12981912567411233,-0.4518691187667101,0.13998269521058695,0.10901266899416026,-0.33603497437699636,-0.2855562681763799
lagnat,0.0750265884933846,-0.14024416191455544,-0.03027857337148314,0.17552523386827779,0.0,0.3212695255112434,0.4116398748449103,0.10906773514823218,-0.3024666443686437,-0.06187774597336088,-0.04953626715159341,0.2927331488437965,-0.14920777001117852,-0.36112754410234194,-0.5011837127955384
rashes,0.2691560497913493,-0.15970045367547447,0.08371667556663133,0.21645618377899375,0.3212695255112434,0.0,0.19586362360537019,0.47371295750603576,0.008179992215006423,0.19927674641130944,-0.010641921668216538,-0.08438822378766477,-0.2588412725966973,0.025905076811740375,-0.15078033174703176
sipon,-0.06564402592946342,-0.09345350031956676,-0.27046437963861497,0.028994808455319716,0.4116398748449103,0.19586362360537019,0.0,0.306575617672867,0.13187620793641866,-0.3034834472062576,-0.24327041052089615,0.4038210126344127,0.04808853210208917,0.029898490000743766,-0.030416455466113
ubo,0.18029470625760788,-0.2258300752266719,-0.12052285189503305,0.2650496530620762,0.10906773514823218,0.47371295750603576,0.306575617672867,0.0,0.25095020392382944,0.18252211675480734,0.09298930842496929,0.13912216118642726,0.16349764537357886,-0.11069327396607699,0.12964222479372553
ecq,0.1449647942459007,0.27629369263786896,-0.4821347297509358,-0.19472274303571838,-0.3024666443686437,0.008179992215006423,0.13187620793641866,0.25095020392382944,0.0,-0.14842137434521263,0.5394524795526467,-0.008312034324630681,0.3896776730769413,0.12915506987511638,0.385647675785902
face-shield,-0.008295797182560747,-0.2784340356868539,0.2539610032451025,0.12981912567411233,-0.06187774597336088,0.19927674641130944,-0.3034834472062576,0.18252211675480734,-0.14842137434521263,0.0,0.08428276863899745,-0.3311010571612289,-0.12349887867056783,0.013700395592929463,-0.085723551958628
Frontliners,0.10099346504082937,0.12337573206295477,-0.2999124503688951,-0.4518691187667101,-0.04953626715159341,-0.010641921668216538,-0.24327041052089615,0.09298930842496929,0.5394524795526467,0.08428276863899745,0.0,-0.12717140231837487,0.16571387068531757,0.052591308279920077,0.30459947233835355
masks,-0.2521347553065533,0.09965657384177745,-0.01771019543782802,0.13998269521058695,0.2927331488437965,-0.08438822378766477,0.4038210126344127,0.13912216118642726,-0.008312034324630681,-0.3311010571612289,-0.12717140231837487,0.0,0.2612743510656323,-0.4138967625210568,-0.038583637801725496
Quarantine,-0.008454581720249365,0.19180946167897925,-0.2972645981033829,0.10901266899416026,-0.14920777001117852,-0.2588412725966973,0.04808853210208917,0.16349764537357886,0.3896776730769413,-0.12349887867056783,0.16571387068531757,0.2612743510656323,0.0,-0.20012917814148326,0.22360129396446723
social-distancing,0.10504799732540546,-0.3069108942580876,-0.07197325098279311,-0.33603497437699636,-0.36112754410234194,0.025905076811740375,0.029898490000743766,-0.11069327396607699,0.12915506987511638,0.013700395592929463,0.052591308279920077,-0.4138967625210568,-0.20012917814148326,0.0,0.18842102937373298
work-from-home,0.04306168630124571,0.0649655930620705,-0.14816160079084972,-0.2855562681763799,-0.5011837127955384,-0.15078033174703176,-0.030416455466113,0.12964222479372553,0.385647675785902,-0.085723551958628,0.30459947233835355,-0.038583637801725496,0.22360129396446723,0.18842102937373298,0.0
