,flu,cough,fever,headache,lagnat,rashes,sipon,ubo,ecq,face-shield,Frontliners,masks,Quarantine,social-distancing,work-from-home
flu,0.0,0.17046443771481204,0.26797748629318496,-0.08241204176003153,-0.0031684586169298474,0.08827677222475869,0.27301893803626887,0.3535063318911874,0.24500282007346433,0.07547868618813713,0.15574284955925222,-0.34175332850797757,0.3195496663479319,-0.07162524326032817,-0.04906201089119642
cough,0.17046443771481204,0.0,0.23558435087031226,-0.19462747121841598,0.00788288615464282,0.1799511961023436,0.2753351824789243,0.24514713617291017,0.23235984961390205,0.33460102328086133,0.05811899784809014,-0.1601183330090048,0.3147932255588839,-0.18144632371416303,-0.2396025638233967
fever,0.26797748629318496,0.23558435087031226,0.0,0.25692069917094307,-0.1433642916056451,0.4812927608955737,0.2925865372017832,0.2715980966917416,0.3215701943149873,-0.15840234250673674,0.37626889345035847,-0.13152505196657038,0.29625795353560674,-0.14385043036400788,-0.11173176303831825
headache,-0.08241204176003153,-0.19462747121841598,0.25692069917094307,0.0,-0.2523131134610351,0.3045419786893584,-0.10387834078909561,-0.24947565781527054,-0.16022182732552917,-0.06453932725806567,0.16230153833905087,0.32038229574374905,-0.21542104113759492,0.17598309893597847,0.15303294673716342
lagnat,-0.0031684586169298474,0.00788288615464282,-0.1433642916056451,-0.2523131134610351,0.0,0.25168443069707613,0.11090878405457888,0.22061502191183102,-0.011759772315720125,0.05523363814140594,-0.03232169475075045,0.0007503105148062857,0.13076027987038832,-0.1383208350459757,0.0876719161154126
rashes,0.08827677222475869,0.1799511961023436,0.4812927608955737,0.3045419786893584,0.25168443069707613,0.0,0.20615427986540494,0.10026327128479912,-0.041886792472629344,0.21967543372408796,0.07552805502117421,-0.08765604331599858,0.02981613906996133,0.17611836478099843,0.20496421557933667
sipon,0.27301893803626887,0.2753351824789243,0.2925865372017832,-0.10387834078909561,0.11090878405457888,0.20615427986540494,0.0,0.4866268021783285,0.4497398638074446,-0.06807588172686795,0.16201004469801492,-0.17434274150601667,0.5068356630483001,-0.3941954109903919,-0.5134613556624329
ubo,0.3535063318911874,0.24514713617291017,0.2715980966917416,-0.24947565781527054,0.22061502191183102,0.10026327128479912,0.4866268021783285,0.0,0.37443619877314444,-0.22516399212528454,-0.10056051628486298,-0.15429570226144826,0.3654763497027971,-0.3439477036651013,-0.2562786200186312
ecq,0.24500282007346433,0.23235984961390205,0.3215701943149873,-0.16022182732552917,-0.011759772315720125,-0.041886792472629344,0.4497398638074446,0.37443619877314444,0.0,-0.15315620582650388,0.43907997668154874,0.05722843145497566,0.8704483321198266,-0.18689048269177141,-0.4771837201390868
face-shield,0.07547868618813713,0.33460102328086133,-0.15840234250673674,-0.06453932725806567,0.05523363814140594,0.21967543372408796,-0.06807588172686795,-0.22516399212528454,-0.15315620582650388,0.0,-0.015029470296000932,-0.2103937779741362,0.06205393597174802,0.08660374424973287,0.1842747770489892
Frontliners,0.15574284955925222,0.05811899784809014,0.37626889345035847,0.16230153833905087,-0.03232169475075045,0.07552805502117421,0.16201004469801492,-0.10056051628486298,0.43907997668154874,-0.015029470296000932,0.0,0.2805007916297792,0.3728731992620955,0.17106520258924635,-0.06568684586579218
masks,-0.34175332850797757,-0.1601183330090048,-0.13152505196657038,0.32038229574374905,0.0007503105148062857,-0.08765604331599858,-0.17434274150601667,-0.15429570226144826,0.05722843145497566,-0.2103937779741362,0.2805007916297792,0.0,-0.04608004886798793,0.36857821243772676,0.14803486031011598
Quarantine,0.3195496663479319,0.3147932255588839,0.29625795353560674,-0.21542104113759492,0.13076027987038832,0.02981613906996133,0.5068356630483001,0.3654763497027971,0.8704483321198266,0.06205393597174802,0.3728731992620955,-0.04608004886798793,0.0,-0.25680990034314655,-0.3861046342916902
social-distancing,-0.07162524326032817,-0.18144632371416303,-0.14385043036400788,0.17598309893597847,-0.1383208350459757,0.17611836478099843,-0.3941954109903919,-0.3439477036651013,-0.18689048269177141,0.08660374424973287,0.17106520258924635,0.36857821243772676,-0.25680990034314655,0.0,0.6651123261380971
work-from-home,-0.04906201089119642,-0.2396025638233967,-0.11173176303831825,0.15303294673716342,0.0876719161154126,0.20496421557933667,-0.5134613556624329,-0.2562786200186312,-0.4771837201390868,0.1842747770489892,-0.06568684586579218,0.14803486031011598,-0.3861046342916902,0.6651123261380971,0.0
