,flu,cough,fever,headache,lagnat,rashes,sipon,ubo,ecq,face-shield,Frontliners,masks,Quarantine,social-distancing,work-from-home
flu,0.0,0.31586161812032937,0.22015891377071867,-0.1095390816173146,-0.2309741614330833,0.20755381655944224,0.22626008428011646,0.01184495411115791,0.2668313993683787,0.4557934706470757,0.11410651158356719,-0.4036728885137774,0.421446031879672,-0.027463250113438493,-0.19922871179423615
cough,0.31586161812032937,0.0,-0.21953498450866454,-0.12023933928883189,-0.16159118139614473,-0.1405702322158285,-0.19719712933714303,0.02028701259627814,-0.30423679464448683,0.015365976478242647,0.11388941754615804,-0.02244899647844933,0.04933128164388913,0.09865074721226991,0.09536709642435241
fever,0.22015891377071867,-0.21953498450866454,0.0,-0.01129637897509304,0.06646367249293209,0.2591158708321875,0.33747810706028913,-0.22421085825084516,0.2746838736981446,0.23479120285587213,-0.04182953493403818,0.07375058378741166,0.32561648642723007,-0.18136261061294107,-0.08417192740369069
headache,-0.1095390816173146,-0.12023933928883189,-0.01129637897509304,0.0,-0.12051290112428178,0.058416892299363934,-0.08035876727203674,-0.014668260284001413,-0.09770082519524191,0.04602400732103918,-0.022039156492014534,0.11501187642428241,0.1601314873703672,-0.053730993287390845,0.020235303894580205
lagnat,-0.2309741614330833,-0.16159118139614473,0.06646367249293209,-0.12051290112428178,0.0,0.10760430057180866,0.18171645613888068,-0.009609576151417188,-0.07895971775588687,-0.2104968803454422,-0.2043095871706672,0.20706778785959828,-0.1681333819719415,0.17695862091069853,0.2093050966839722
rashes,0.20755381655944224,-0.1405702322158285,0.2591158708321875,0.058416892299363934,0.10760430057180866,0.0,0.5297803193856354,-0.1498594674336735,-0.12043814391254674,0.09815086662868218,-0.20248811763790248,-0.23509151270016151,0.0595601983432546,-0.032527491482638074,-0.3530879939818931
sipon,0.22626008428011646,-0.19719712933714303,0.33747810706028913,-0.08035876727203674,0.18171645613888068,0.5297803193856354,0.0,-0.1868638871795259,0.06289783900841667,0.1659122795646377,-0.074251985879593,-0.1318415724983404,0.15341133789510825,0.002672168187480309,-0.48139171007665776
ubo,0.01184495411115791,0.02028701259627814,-0.22421085825084516,-0.014668260284001413,-0.009609576151417188,-0.1498594674336735,-0.1868638871795259,0.0,0.16684551476732642,-0.022831992167729184,0.014263093087831722,-0.1458222597824154,-0.1503683277920099,-0.3182877283101103,-0.07883424454630278
ecq,0.2668313993683787,-0.30423679464448683,0.2746838736981446,-0.09770082519524191,-0.07895971775588687,-0.12043814391254674,0.06289783900841667,0.16684551476732642,0.0,0.5842044402405143,0.5646803326379718,0.05259972965566348,0.6901892415216201,-0.18567898639226313,0.15701961864629008
face-shield,0.4557934706470757,0.015365976478242647,0.23479120285587213,0.04602400732103918,-0.2104968803454422,0.09815086662868218,0.1659122795646377,-0.022831992167729184,0.5842044402405143,0.0,0.7484693755146326,-0.24608323891415973,0.8340546068916553,-0.3797252453787698,-0.21988007540257024
Frontliners,0.11410651158356719,0.11388941754615804,-0.04182953493403818,-0.022039156492014534,-0.2043095871706672,-0.20248811763790248,-0.074251985879593,0.014263093087831722,0.5646803326379718,0.7484693755146326,0.0,-0.1553450093073649,0.7421620620150221,-0.4386121409875616,0.011972844181527565
masks,-0.4036728885137774,-0.02244899647844933,0.07375058378741166,0.11501187642428241,0.20706778785959828,-0.23509151270016151,-0.1318415724983404,-0.1458222597824154,0.05259972965566348,-0.24608323891415973,-0.1553450093073649,0.0,-0.005981783200896899,0.30998207902132324,0.3781632236215959
Quarantine,0.421446031879672,0.04933128164388913,0.32561648642723007,0.1601314873703672,-0.1681333819719415,0.0595601983432546,0.15341133789510825,-0.1503683277920099,0.6901892415216201,0.8340546068916553,0.7421620620150221,-0.005981783200896899,0.0,-0.2295711630462637,0.003937200253401082
social-distancing,-0.027463250113438493,0.09865074721226991,-0.18136261061294107,-0.053730993287390845,0.17695862091069853,-0.032527491482638074,0.002672168187480309,-0.3182877283101103,-0.18567898639226313,-0.3797252453787698,-0.4386121409875616,0.30998207902132324,-0.2295711630462637,0.0,0.26086360235576506
work-from-home,-0.19922871179423615,0.09536709642435241,-0.08417192740369069,0.020235303894580205,0.2093050966839722,-0.3530879939818931,-0.48139171007665776,-0.07883424454630278,0.15701961864629008,-0.21988007540257024,0.011972844181527565,0.3781632236215959,0.003937200253401082,0.26086360235576506,0.0
