,flu,cough,fever,headache,lagnat,rashes,sipon,ubo,ecq,face-shield,Frontliners,masks,Quarantine,social-distancing,work-from-home
flu,0.0,-0.05011557800713048,0.14959953221824554,0.044807096660062974,0.2437015421600938,0.10499727411774902,-0.08807719600259534,0.2929325958039739,0.3598604651954764,0.5258915086899575,-0.46341637305553485,0.3615614425338432,0.10283000902885905,0.06865004472670254,0.02216742480751393
cough,-0.05011557800713048,0.0,-0.21824886358964551,0.006406681409095618,0.016612186041905137,0.19299377610873958,0.22682194479674322,0.04257951738650975,-0.03200265804780327,-0.16124356952451846,-0.033196267250180246,-0.20446075953717005,-0.030935809044766692,-0.200791081357226,-0.3210647146488456
fever,0.14959953221824554,-0.21824886358964551,0.0,0.2945979053353424,0.14966994220493438,0.4112729794401261,-0.08403935107158741,0.20631059843556382,-0.17772151006788736,0.15460949181116604,0.05574930268273622,-0.2565576225739598,-0.15119722733476357,-0.010833425180074421,-0.043746908803648406
headache,0.044807096660062974,0.006406681409095618,0.2945979053353424,0.0,-0.0955449762938459,0.22790063318445908,0.013034668513963678,-0.03252586908194869,-0.16407328243390812,0.05080685166462492,0.3832216981887002,-0.1541427492705655,-0.25358622493391303,0.18603018604590638,-0.11932110701360385
lagnat,0.2437015421600938,0.016612186041905137,0.14966994220493438,-0.0955449762938459,0.0,-0.23491002311984954,-0.02265139452144899,0.16665024565716877,0.13352211822989343,0.3972787872285339,-0.36480394148133305,0.1966524369631961,-0.15812181801399006,0.04633648290547793,0.3226048014025481
rashes,0.10499727411774902,0.19299377610873958,0.4112729794401261,0.22790063318445908,-0.23491002311984954,0.0,0.0647324008181102,0.29804808401241184,-0.38566674231845705,-0.13436982484908877,-0.11692999758269589,-0.3515936190810852,-0.23692881049189035,-0.029107700481863574,-0.46784978980922026
sipon,-0.08807719600259534,0.22682194479674322,-0.08403935107158741,0.013034668513963678,-0.02265139452144899,0.0647324008181102,0.0,-0.0016661603999164741,-0.016213956486696594,0.003670734807437887,-0.015320021967397764,-0.25430631539434356,-0.12279557913484573,-0.047636930894750525,-0.1346247929093816
ubo,0.2929325958039739,0.04257951738650975,0.20631059843556382,-0.03252586908194869,0.16665024565716877,0.29804808401241184,-0.0016661603999164741,0.0,-0.13296387362599002,-0.01017002252991775,-0.33402798071155976,0.13642621816651881,-0.2592477559495568,-0.055255341602286366,0.26016176387626566
ecq,0.3598604651954764,-0.03200265804780327,-0.17772151006788736,-0.16407328243390812,0.13352211822989343,-0.38566674231845705,-0.016213956486696594,-0.13296387362599002,0.0,0.31213687758430453,-0.3717806928004086,0.11897963702681955,0.7756214856747501,-0.0831330491545906,0.3323531455141063
face-shield,0.5258915086899575,-0.16124356952451846,0.15460949181116604,0.05080685166462492,0.3972787872285339,-0.13436982484908877,0.003670734807437887,-0.01017002252991775,0.31213687758430453,0.0,-0.43948970009472443,0.3480946043520988,-0.0643008918533877,-0.005795642781869679,0.01667045190291857
Frontliners,-0.46341637305553485,-0.033196267250180246,0.05574930268273622,0.3832216981887002,-0.36480394148133305,-0.11692999758269589,-0.015320021967397764,-0.33402798071155976,-0.3717806928004086,-0.43948970009472443,0.0,-0.07222592980834434,-0.004709080608674886,0.016484436391221508,-0.12521078394102245
masks,0.3615614425338432,-0.20446075953717005,-0.2565576225739598,-0.1541427492705655,0.1966524369631961,-0.3515936190810852,-0.25430631539434356,0.13642621816651881,0.11897963702681955,0.3480946043520988,-0.07222592980834434,0.0,0.04577491869546756,0.23478546267108882,0.2940651729699996
Quarantine,0.10283000902885905,-0.030935809044766692,-0.15119722733476357,-0.25358622493391303,-0.15812181801399006,-0.23692881049189035,-0.12279557913484573,-0.2592477559495568,0.7756214856747501,-0.0643008918533877,-0.004709080608674886,0.04577491869546756,0.0,0.013443207720677029,0.1763552792802958
social-distancing,0.06865004472670254,-0.200791081357226,-0.010833425180074421,0.18603018604590638,0.04633648290547793,-0.029107700481863574,-0.047636930894750525,-0.055255341602286366,-0.0831330491545906,-0.005795642781869679,0.016484436391221508,0.23478546267108882,0.013443207720677029,0.0,0.007870935084257125
work-from-home,0.02216742480751393,-0.3210647146488456,-0.043746908803648406,-0.11932110701360385,0.3226048014025481,-0.46784978980922026,-0.1346247929093816,0.26016176387626566,0.3323531455141063,0.01667045190291857,-0.12521078394102245,0.2940651729699996,0.1763552792802958,0.007870935084257125,0.0
