,flu,cough,fever,headache,lagnat,rashes,sipon,ubo,ecq,face-shield,Frontliners,masks,Quarantine,social-distancing,work-from-home
flu,0.0,0.43301749799853634,0.29203737257248746,0.304647746062869,0.2068855783470852,-0.5865989073236652,0.06357821497607212,-0.017755180205264297,-0.6139532314081086,0.5760322896901261,-0.43827902229924093,0.34064992514090775,-0.3665784778637791,0.24602014712687015,0.4665676506718572
cough,0.43301749799853634,0.0,0.6685369239113933,0.3147801023234798,0.24086347274064893,-0.46480589425761976,-0.01865834870216237,-0.13364264634659764,-0.6770613727476661,0.346471839122675,-0.5185079314122368,0.5066786199092908,-0.40822093449945157,-0.27445162267432555,0.4193826021420558
fever,0.29203737257248746,0.6685369239113933,0.0,0.15428131990671326,0.26207654271244785,-0.1749737875662217,-0.15463845816638444,-0.1568890945887005,-0.6557723872423843,0.3360223389601637,-0.4191883850724,0.4917584830442664,-0.5248141263716122,-0.20415480563125774,0.28661369071284093
headache,0.304647746062869,0.3147801023234798,0.15428131990671326,0.0,-0.022602656224417594,-0.25876384132094143,-0.04921370986106498,-0.06522662736938555,-0.33048332088678867,0.22379608718418048,-0.09497466848739383,0.1342114763194542,-0.3703601882389303,-0.05330521676203248,0.231933610318715
lagnat,0.2068855783470852,0.24086347274064893,0.26207654271244785,-0.022602656224417594,0.0,-0.0793843609818717,0.15613796766564023,-0.22422099989620664,-0.2871249318700595,0.23751634773710292,-0.24675652811293383,0.24470049760992726,-0.20060504922490813,-0.30648932132943485,-0.25138821567834196
rashes,-0.5865989073236652,-0.46480589425761976,-0.1749737875662217,-0.25876384132094143,-0.0793843609818717,0.0,0.06405696327296914,0.24546692633782163,0.614715342448615,-0.18403891427076058,0.45118744751786266,-0.24178868675674464,0.4399543557905128,0.053870792023335605,-0.4725814306936638
sipon,0.06357821497607212,-0.01865834870216237,-0.15463845816638444,-0.04921370986106498,0.15613796766564023,0.06405696327296914,0.0,-0.22310272601665612,0.049412763007238236,0.0607742332125934,-0.15767677250548665,0.12680218352167383,0.2396489475630165,-0.046449235426849395,-0.05378358755899795
ubo,-0.017755180205264297,-0.13364264634659764,-0.1568890945887005,-0.06522662736938555,-0.22422099989620664,0.24546692633782163,-0.22310272601665612,0.0,0.1401374897450285,0.2976227106045758,0.15385465761243466,0.11312544380458252,-0.01401181094153168,0.32224820969659845,0.007526131797727732
ecq,-0.6139532314081086,-0.6770613727476661,-0.6557723872423843,-0.33048332088678867,-0.2871249318700595,0.614715342448615,0.049412763007238236,0.1401374897450285,0.0,-0.5124766682224194,0.6993827880434867,-0.5285500811641765,0.7764329482768054,0.2087402600604224,-0.47128733957681107
face-shield,0.5760322896901261,0.346471839122675,0.3360223389601637,0.22379608718418048,0.23751634773710292,-0.18403891427076058,0.0607742332125934,0.2976227106045758,-0.5124766682224194,0.0,-0.18439521537525239,0.46825659410173065,-0.4316856082404567,0.24176224190122786,0.4313095525169708
Frontliners,-0.43827902229924093,-0.5185079314122368,-0.4191883850724,-0.09497466848739383,-0.24675652811293383,0.45118744751786266,-0.15767677250548665,0.15385465761243466,0.6993827880434867,-0.18439521537525239,0.0,-0.35481723748307065,0.3529203382263911,0.3472256567701974,-0.2504178976884223
masks,0.34064992514090775,0.5066786199092908,0.4917584830442664,0.1342114763194542,0.24470049760992726,-0.24178868675674464,0.12680218352167383,0.11312544380458252,-0.5285500811641765,0.46825659410173065,-0.35481723748307065,0.0,-0.32005363511508583,-0.014136048005133435,0.43151507742810746
Quarantine,-0.3665784778637791,-0.40822093449945157,-0.5248141263716122,-0.3703601882389303,-0.20060504922490813,0.4399543557905128,0.2396489475630165,-0.01401181094153168,0.7764329482768054,-0.4316856082404567,0.3529203382263911,-0.32005363511508583,0.0,0.15293907634995726,-0.29786545197465536
social-distancing,0.24602014712687015,-0.27445162267432555,-0.20415480563125774,-0.05330521676203248,-0.30648932132943485,0.053870792023335605,-0.046449235426849395,0.32224820969659845,0.2087402600604224,0.24176224190122786,0.3472256567701974,-0.014136048005133435,0.15293907634995726,0.0,0.04673326362081132
work-from-home,0.4665676506718572,0.4193826021420558,0.28661369071284093,0.231933610318715,-0.25138821567834196,-0.4725814306936638,-0.05378358755899795,0.007526131797727732,-0.47128733957681107,0.4313095525169708,-0.2504178976884223,0.43151507742810746,-0.29786545197465536,0.04673326362081132,0.0
