,flu,cough,fever,headache,lagnat,rashes,sipon,ubo,ecq,face-shield,Frontliners,masks,Quarantine,social-distancing,work-from-home
flu,0.0,0.5269893947126311,0.4279976007071355,0.22263166717453528,0.1679241165532936,-0.6002763494623117,0.16151600278166692,-0.03395599696556109,-0.5800191535379172,0.6400359769646539,-0.4344420119088783,0.44297601426840605,-0.40846467533025677,0.37652911479592227,0.4601108489461071
cough,0.5269893947126311,0.0,0.7889040926268436,0.003823648648396435,0.163413460596571,-0.41367988907954084,-0.045229965706362577,-0.14547597543035082,-0.5618690622093016,0.5700223030685825,-0.6137399689326369,0.47983187226070717,-0.5193595170798729,0.046074365234168385,0.32838608828543414
fever,0.4279976007071355,0.7889040926268436,0.0,-0.06513819068245592,0.2072642600411313,-0.31687009092711627,-0.14550396587674955,-0.21615058359794959,-0.6122107944599136,0.4326747418383917,-0.6244654718779596,0.4464298029710144,-0.5878753726271595,0.014426235192894878,0.2673005406490477
headache,0.22263166717453528,0.003823648648396435,-0.06513819068245592,0.0,0.08443148258127069,0.011669256308299474,-0.12647066623197425,0.038373419629284145,-0.10828730637555123,0.06547709538491851,0.22476853422382806,-0.08770572056911323,-0.08771854749446774,-0.013011315045726606,-0.024256144603439483
lagnat,0.1679241165532936,0.163413460596571,0.2072642600411313,0.08443148258127069,0.0,0.02102050899835889,-0.11128575276145146,-0.2676073221478687,-0.21732230137845354,0.10523592162817565,0.0040205192369032385,-0.06861826244190883,-0.10998662464438916,-0.31179390702688137,-0.3818211949984078
rashes,-0.6002763494623117,-0.41367988907954084,-0.31687009092711627,0.011669256308299474,0.02102050899835889,0.0,-0.12892196228606656,0.062303956410529285,0.44860908605290356,-0.31543892644392635,0.2865806290197844,-0.3315941543941178,0.39522600369251876,-0.2681065558837168,-0.45306639808535704
sipon,0.16151600278166692,-0.045229965706362577,-0.14550396587674955,-0.12647066623197425,-0.11128575276145146,-0.12892196228606656,0.0,0.05510032259019344,0.10406345020737053,0.051821621069978764,0.1089443175379843,0.1998414400960588,0.3039075679774914,0.10471960653276881,0.15527221794476168
ubo,-0.03395599696556109,-0.14547597543035082,-0.21615058359794959,0.038373419629284145,-0.2676073221478687,0.062303956410529285,0.05510032259019344,0.0,0.10751225935734231,0.23001147179096038,0.26406315588327817,0.1755310077799491,0.0644512048656112,0.3349996201503534,0.24958770764339014
ecq,-0.5800191535379172,-0.5618690622093016,-0.6122107944599136,-0.10828730637555123,-0.21732230137845354,0.44860908605290356,0.10406345020737053,0.10751225935734231,0.0,-0.5204688160107129,0.5903551870928784,-0.41451877091538475,0.716441005094508,0.08351218724724918,-0.30066161031112293
face-shield,0.6400359769646539,0.5700223030685825,0.4326747418383917,0.06547709538491851,0.10523592162817565,-0.31543892644392635,0.051821621069978764,0.23001147179096038,-0.5204688160107129,0.0,-0.31095505002166285,0.569174403082202,-0.502467810768755,0.4035080168100591,0.505262219318258
Frontliners,-0.4344420119088783,-0.6137399689326369,-0.6244654718779596,0.22476853422382806,0.0040205192369032385,0.2865806290197844,0.1089443175379843,0.26406315588327817,0.5903551870928784,-0.31095505002166285,0.0,-0.3321077670882096,0.43597638171583974,-0.002011060248754681,-0.10294029515024879
masks,0.44297601426840605,0.47983187226070717,0.4464298029710144,-0.08770572056911323,-0.06861826244190883,-0.3315941543941178,0.1998414400960588,0.1755310077799491,-0.41451877091538475,0.569174403082202,-0.3321077670882096,0.0,-0.30175608614391947,0.4220149836594532,0.5357210528419812
Quarantine,-0.40846467533025677,-0.5193595170798729,-0.5878753726271595,-0.08771854749446774,-0.10998662464438916,0.39522600369251876,0.3039075679774914,0.0644512048656112,0.716441005094508,-0.502467810768755,0.43597638171583974,-0.30175608614391947,0.0,-0.08437715178690502,-0.21311685902587554
social-distancing,0.37652911479592227,0.046074365234168385,0.014426235192894878,-0.013011315045726606,-0.31179390702688137,-0.2681065558837168,0.10471960653276881,0.3349996201503534,0.08351218724724918,0.4035080168100591,-0.002011060248754681,0.4220149836594532,-0.08437715178690502,0.0,0.3647964713606289
work-from-home,0.4601108489461071,0.32838608828543414,0.2673005406490477,-0.024256144603439483,-0.3818211949984078,-0.45306639808535704,0.15527221794476168,0.24958770764339014,-0.30066161031112293,0.505262219318258,-0.10294029515024879,0.5357210528419812,-0.21311685902587554,0.3647964713606289,0.0
