,flu,cough,fever,headache,lagnat,rashes,sipon,ubo,ecq,face-shield,Frontliners,masks,Quarantine,social-distancing,work-from-home
flu,0.0,0.8457481763010749,0.8854527666948345,-0.21207269740762627,0.6224007899230176,-0.04854182680964717,0.5618596787194758,0.5619977165144595,-0.7014005824406722,-0.22980165007541412,-0.6442680008680224,-0.42327265651154217,0.7492005548320351,0.8102779922961085,0.6945132358912564
cough,0.8457481763010749,0.0,0.8366944277475414,-0.06878806075598289,0.6551818044765771,0.1370702058808776,0.5472129370782893,0.6995661048177082,-0.7494323762204573,0.00010054081705522881,-0.4260269264344767,-0.4123097231864573,0.6825548960114359,0.6903774312873241,0.5466144011076024
fever,0.8854527666948345,0.8366944277475414,0.0,-0.20809958513166818,0.6808402883356384,-0.1428149414442096,0.6177528209072286,0.7085668677327635,-0.7471137580278242,-0.2388373926818635,-0.6425025505099987,-0.5311208194547699,0.7260472761682708,0.8280977864863618,0.6396707519810404
headache,-0.21207269740762627,-0.06878806075598289,-0.20809958513166818,0.0,0.032832440107010835,0.42277855124568203,-0.05687051430315026,-0.04907059497802092,0.1088841776567777,0.1615713370059022,0.33618760848913565,0.2201028179242101,-0.21081460397142843,-0.28937066869478234,-0.4069294717269307
lagnat,0.6224007899230176,0.6551818044765771,0.6808402883356384,0.032832440107010835,0.0,-0.012036843484324137,0.5166322815398218,0.5866904910477553,-0.4735065172718954,-0.36022693747953194,-0.27783583628893765,-0.16510414158671258,0.695626856177698,0.5571955232161013,0.4300875844322409
rashes,-0.04854182680964717,0.1370702058808776,-0.1428149414442096,0.42277855124568203,-0.012036843484324137,0.0,-0.018975809081188694,0.12359784730518379,-0.008948067920177686,0.3865969515065766,0.2470955723943694,-0.06437822696653689,-0.04471383078276011,-0.054280146373450626,-0.049656668218919245
sipon,0.5618596787194758,0.5472129370782893,0.6177528209072286,-0.05687051430315026,0.5166322815398218,-0.018975809081188694,0.0,0.4893344059806202,-0.5054325203729217,-0.199447036410536,-0.27785644024799067,-0.39320583835186423,0.4891350963640872,0.6151557201450316,0.43290293312222256
ubo,0.5619977165144595,0.6995661048177082,0.7085668677327635,-0.04907059497802092,0.5866904910477553,0.12359784730518379,0.4893344059806202,0.0,-0.6468204910435595,-0.06435014760603165,-0.3706191676489711,-0.39858299464888797,0.43740031057164347,0.5779004938358044,0.4764641907636914
ecq,-0.7014005824406722,-0.7494323762204573,-0.7471137580278242,0.1088841776567777,-0.4735065172718954,-0.008948067920177686,-0.5054325203729217,-0.6468204910435595,0.0,0.2181417303033216,0.44873391167877136,0.4785256123192513,-0.28791671644120975,-0.5275528825037958,-0.3670509188604006
face-shield,-0.22980165007541412,0.00010054081705522881,-0.2388373926818635,0.1615713370059022,-0.36022693747953194,0.3865969515065766,-0.199447036410536,-0.06435014760603165,0.2181417303033216,0.0,0.35974131411230076,0.05187769912959484,-0.10329509106318042,-0.10056528724625487,-0.1518521764901981
Frontliners,-0.6442680008680224,-0.4260269264344767,-0.6425025505099987,0.33618760848913565,-0.27783583628893765,0.2470955723943694,-0.27785644024799067,-0.3706191676489711,0.44873391167877136,0.35974131411230076,0.0,0.49780608947853067,-0.2762950563671491,-0.5774659313029418,-0.46987404007409667
masks,-0.42327265651154217,-0.4123097231864573,-0.5311208194547699,0.2201028179242101,-0.16510414158671258,-0.06437822696653689,-0.39320583835186423,-0.39858299464888797,0.4785256123192513,0.05187769912959484,0.49780608947853067,0.0,-0.2098347373154547,-0.4789521885260729,-0.43920494512481206
Quarantine,0.7492005548320351,0.6825548960114359,0.7260472761682708,-0.21081460397142843,0.695626856177698,-0.04471383078276011,0.4891350963640872,0.43740031057164347,-0.28791671644120975,-0.10329509106318042,-0.2762950563671491,-0.2098347373154547,0.0,0.7290959564827635,0.6939835230326944
social-distancing,0.8102779922961085,0.6903774312873241,0.8280977864863618,-0.28937066869478234,0.5571955232161013,-0.054280146373450626,0.6151557201450316,0.5779004938358044,-0.5275528825037958,-0.10056528724625487,-0.5774659313029418,-0.4789521885260729,0.7290959564827635,0.0,0.8355880897627661
work-from-home,0.6945132358912564,0.5466144011076024,0.6396707519810404,-0.4069294717269307,0.4300875844322409,-0.049656668218919245,0.43290293312222256,0.4764641907636914,-0.3670509188604006,-0.1518521764901981,-0.46987404007409667,-0.43920494512481206,0.6939835230326944,0.8355880897627661,0.0
