,flu,cough,fever,headache,lagnat,rashes,sipon,ubo,ecq,face-shield,Frontliners,masks,Quarantine,social-distancing,work-from-home
flu,0.0,0.7189475718833682,0.29322974901997345,0.2629205148760804,-0.27991816195428815,0.19051655594553465,0.6342156419955098,0.14680755655713626,0.6914753059368206,0.4215337356764441,-0.08716320496372958,0.028639273415839103,0.46107170708678136,-0.2463504071010257,0.04339680080652363
cough,0.7189475718833682,0.0,0.3301129529374121,0.27652324323896776,-0.09145474718566113,0.11990297015875166,0.7047974789163481,0.06131029193782347,0.6308196832645181,0.2934536979088457,-0.2571594141545841,0.08243951633810856,0.40462700066200535,-0.11375811253588325,-0.026191956391583986
fever,0.29322974901997345,0.3301129529374121,0.0,0.35982753547514745,-0.2881521493882496,0.010569190935731823,0.5247889843571297,0.15788721599135475,0.26171884783917393,0.21475167028339787,-0.33540535490166723,0.49417352818740506,0.13716414306825647,0.16508748066635068,-0.1412429055698482
headache,0.2629205148760804,0.27652324323896776,0.35982753547514745,0.0,-0.1473521352408237,-0.009600666583580827,0.41860111974589403,0.04845163398523835,0.1841347962506435,-0.07593177009624266,-0.2367002423405682,0.4297568647613032,-0.03194920234192927,0.35122946229459345,0.1275678509883967
lagnat,-0.27991816195428815,-0.09145474718566113,-0.2881521493882496,-0.1473521352408237,0.0,-0.2700432346904413,-0.18406884237544516,0.21587979627716816,-0.27335991788464853,-0.12204014250102631,-0.05212980426446974,-0.19170880618742356,-0.24389014308832827,-0.025134126602442332,0.035279209570119464
rashes,0.19051655594553465,0.11990297015875166,0.010569190935731823,-0.009600666583580827,-0.2700432346904413,0.0,0.2542044368012785,0.06324786330851503,0.06853046420365234,0.19454085247375671,-0.2172941792313874,0.3324712791832452,0.0440377226139909,-0.043786713238575095,-0.31259664139834564
sipon,0.6342156419955098,0.7047974789163481,0.5247889843571297,0.41860111974589403,-0.18406884237544516,0.2542044368012785,0.0,0.1377723586417126,0.5688117940469616,0.28430596405955605,-0.36254335181259595,0.3357377980305133,0.3223990506919007,-0.13459646353223095,0.016542000003331288
ubo,0.14680755655713626,0.06131029193782347,0.15788721599135475,0.04845163398523835,0.21587979627716816,0.06324786330851503,0.1377723586417126,0.0,0.1900637186507327,0.29242261627223287,0.2542876459092551,-0.06411624406988631,0.06462659717085624,-0.007653372336438268,0.11463547942364231
ecq,0.6914753059368206,0.6308196832645181,0.26171884783917393,0.1841347962506435,-0.27335991788464853,0.06853046420365234,0.5688117940469616,0.1900637186507327,0.0,-0.007560536963361936,0.19951901185662924,-0.1991588718341047,0.7929926046001988,-0.19174597934778706,0.1602326204538484
face-shield,0.4215337356764441,0.2934536979088457,0.21475167028339787,-0.07593177009624266,-0.12204014250102631,0.19454085247375671,0.28430596405955605,0.29242261627223287,-0.007560536963361936,0.0,-0.11467915295737012,0.015619119077239459,0.0983023565338784,-0.2857666348009405,-0.23653327877985506
Frontliners,-0.08716320496372958,-0.2571594141545841,-0.33540535490166723,-0.2367002423405682,-0.05212980426446974,-0.2172941792313874,-0.36254335181259595,0.2542876459092551,0.19951901185662924,-0.11467915295737012,0.0,-0.685797159481735,0.4506965159539671,-0.058091552867731336,0.2628993219450396
masks,0.028639273415839103,0.08243951633810856,0.49417352818740506,0.4297568647613032,-0.19170880618742356,0.3324712791832452,0.3357377980305133,-0.06411624406988631,-0.1991588718341047,0.015619119077239459,-0.685797159481735,0.0,-0.4728188134167186,0.21547119923326088,-0.18406337435793232
Quarantine,0.46107170708678136,0.40462700066200535,0.13716414306825647,-0.03194920234192927,-0.24389014308832827,0.0440377226139909,0.3223990506919007,0.06462659717085624,0.7929926046001988,0.0983023565338784,0.4506965159539671,-0.4728188134167186,0.0,-0.12026802644496527,0.2233772563833648
social-distancing,-0.2463504071010257,-0.11375811253588325,0.16508748066635068,0.35122946229459345,-0.025134126602442332,-0.043786713238575095,-0.13459646353223095,-0.007653372336438268,-0.19174597934778706,-0.2857666348009405,-0.058091552867731336,0.21547119923326088,-0.12026802644496527,0.0,0.09316468906548706
work-from-home,0.04339680080652363,-0.026191956391583986,-0.1412429055698482,0.1275678509883967,0.035279209570119464,-0.31259664139834564,0.016542000003331288,0.11463547942364231,0.1602326204538484,-0.23653327877985506,0.2628993219450396,-0.18406337435793232,0.2233772563833648,0.09316468906548706,0.0
