,flu,cough,fever,headache,lagnat,rashes,sipon,ubo,ecq,face-shield,Frontliners,masks,Quarantine,social-distancing,work-from-home
flu,0.0,-0.13375454792297903,0.1288473524013881,0.4192414085908648,0.27160009814302216,0.16727895302997836,-0.23054936950262095,-0.10015918900072415,-0.38978899781573967,-0.027544130962689393,-0.22719535485353998,-0.22131197754762014,-0.0658685126998381,-0.045902594219467074,-0.35757950023673024
cough,-0.13375454792297903,0.0,0.11173305891867609,0.19927697025772784,-0.1354768538175608,-0.2343302703592862,0.04916193034257914,0.01757243115382133,-0.48167884048316245,-0.40318427106887783,-0.30229769902114134,-0.1917888448616185,-0.27437610212981256,-0.21220024570426033,-0.15108298858353877
fever,0.1288473524013881,0.11173305891867609,0.0,-0.021919643621324637,-0.15758582596162674,0.02579748664937741,0.055717571079677924,-0.02465234256135488,-0.06366489830611126,0.1604303131992612,0.34970002384641097,0.24649524942936202,0.388217618439656,0.09706583557056853,0.13095911290619813
headache,0.4192414085908648,0.19927697025772784,-0.021919643621324637,0.0,0.07144469753336559,0.25251542569720936,-0.038163243304804945,-0.24402233819111419,-0.10817720199851409,-0.1277986930875586,-0.4485554075109688,-0.18767146311399102,-0.07027743727435459,-0.3004841420930656,-0.26224061177478963
lagnat,0.27160009814302216,-0.1354768538175608,-0.15758582596162674,0.07144469753336559,0.0,-0.01777103822473279,0.09386604140102715,0.3337042114260191,-0.11900382072434151,-0.09086478107881964,-0.061098707592758775,-0.0917230112740251,-0.03523699200591677,-0.018374808578294724,-0.10581784296934606
rashes,0.16727895302997836,-0.2343302703592862,0.02579748664937741,0.25251542569720936,-0.01777103822473279,0.0,0.26011837400518734,-0.22684999643163453,-0.04706790751473431,-0.02376089950594426,-0.1171260667302912,-0.42872306660920995,-0.23903362064292855,-0.14599013109166947,0.12749445562387896
sipon,-0.23054936950262095,0.04916193034257914,0.055717571079677924,-0.038163243304804945,0.09386604140102715,0.26011837400518734,0.0,0.2543018007104375,-0.12715356058716365,-0.08640650172114757,-0.0763225165732497,0.0013157262582389256,-0.06117966460479504,0.05809821086481951,0.1766536578068367
ubo,-0.10015918900072415,0.01757243115382133,-0.02465234256135488,-0.24402233819111419,0.3337042114260191,-0.22684999643163453,0.2543018007104375,0.0,-0.2458800270142063,0.21094851080990412,-0.1854273993225912,0.32841901016097763,0.12465232571202,-0.09006324865785185,0.19431509656355686
ecq,-0.38978899781573967,-0.48167884048316245,-0.06366489830611126,-0.10817720199851409,-0.11900382072434151,-0.04706790751473431,-0.12715356058716365,-0.2458800270142063,0.0,0.3735227440300539,0.48723306489269463,0.390701925716781,0.5160613656433165,0.3088292443777917,0.4510490510686265
face-shield,-0.027544130962689393,-0.40318427106887783,0.1604303131992612,-0.1277986930875586,-0.09086478107881964,-0.02376089950594426,-0.08640650172114757,0.21094851080990412,0.3735227440300539,0.0,0.43647337877924036,0.45453199866793464,0.4479939082932625,0.19721370166520336,0.36709655330746416
Frontliners,-0.22719535485353998,-0.30229769902114134,0.34970002384641097,-0.4485554075109688,-0.061098707592758775,-0.1171260667302912,-0.0763225165732497,-0.1854273993225912,0.48723306489269463,0.43647337877924036,0.0,0.3588162672300551,0.38689581252323163,0.4570817714813294,0.28634783939204017
masks,-0.22131197754762014,-0.1917888448616185,0.24649524942936202,-0.18767146311399102,-0.0917230112740251,-0.42872306660920995,0.0013157262582389256,0.32841901016097763,0.390701925716781,0.45453199866793464,0.3588162672300551,0.0,0.42546716359257175,0.06246956889942448,0.16984671947437335
Quarantine,-0.0658685126998381,-0.27437610212981256,0.388217618439656,-0.07027743727435459,-0.03523699200591677,-0.23903362064292855,-0.06117966460479504,0.12465232571202,0.5160613656433165,0.4479939082932625,0.38689581252323163,0.42546716359257175,0.0,0.3617095208567941,0.3135009043371519
social-distancing,-0.045902594219467074,-0.21220024570426033,0.09706583557056853,-0.3004841420930656,-0.018374808578294724,-0.14599013109166947,0.05809821086481951,-0.09006324865785185,0.3088292443777917,0.19721370166520336,0.4570817714813294,0.06246956889942448,0.3617095208567941,0.0,0.1332402186139782
work-from-home,-0.35757950023673024,-0.15108298858353877,0.13095911290619813,-0.26224061177478963,-0.10581784296934606,0.12749445562387896,0.1766536578068367,0.19431509656355686,0.4510490510686265,0.36709655330746416,0.28634783939204017,0.16984671947437335,0.3135009043371519,0.1332402186139782,0.0
