,flu,cough,fever,headache,lagnat,rashes,sipon,ubo,ecq,face-shield,Frontliners,masks,Quarantine,social-distancing,work-from-home
flu,0.0,0.3433806512181335,0.3152637368689281,0.0205897845343913,0.5402509504391819,-0.22050663591231182,0.005104298889416084,0.3744997044384487,0.3662086954074666,0.8060319853521918,-0.505869308576191,0.43212010214425217,0.09747348732968564,0.07539146477904247,0.2703295477536609
cough,0.3433806512181335,0.0,-0.014034737055439356,-0.05770758860378812,0.16559344216429228,-0.20303274886280492,0.2124570375305136,0.060639351569182064,-0.09219717672053712,0.4641564175395721,0.0004074219821425559,0.1117351044621112,-0.1277703245619416,-0.23845275385050674,-0.10573535113698707
fever,0.3152637368689281,-0.014034737055439356,0.0,0.2957023343335944,0.0903954416277426,0.278633764819729,-0.05464293394815607,0.19772207043882672,-0.11848169778786348,0.19920661927318095,-0.17557000773945153,-0.2352072424679083,-0.11814497592785349,0.06939056244695423,0.04486766419188127
headache,0.0205897845343913,-0.05770758860378812,0.2957023343335944,0.0,-0.16582198184497934,0.23973091608220448,0.015677234164005793,0.029469707828210068,-0.13124010405635592,0.03147770612856842,0.2748641685354791,-0.08075404497927198,-0.21180211257835244,0.2230803237492957,-0.08125995398511354
lagnat,0.5402509504391819,0.16559344216429228,0.0903954416277426,-0.16582198184497934,0.0,-0.21160442371153476,0.02795113071804654,0.15366691467785784,0.08486205545946765,0.5742210755036775,-0.348822694520455,0.2291948107295927,-0.1561374592041236,-0.10899341096031066,0.28256255591270785
rashes,-0.22050663591231182,-0.20303274886280492,0.278633764819729,0.23973091608220448,-0.21160442371153476,0.0,0.0458767455267511,0.16472472288122875,-0.41033868130090906,-0.2804369675436862,0.08543924844526325,-0.3565987844160263,-0.30001689709517554,0.057407763213624174,-0.43633976873167507
sipon,0.005104298889416084,0.2124570375305136,-0.05464293394815607,0.015677234164005793,0.02795113071804654,0.0458767455267511,0.0,0.08562894719602927,-0.028229525759575675,0.09107768475421024,0.015819502104024673,-0.2443661323279145,-0.1390628520533543,-0.14798923641022654,-0.13933793557466143
ubo,0.3744997044384487,0.060639351569182064,0.19772207043882672,0.029469707828210068,0.15366691467785784,0.16472472288122875,0.08562894719602927,0.0,-0.16182258024108562,0.2409798436689456,-0.37835721677112366,0.12267954581168923,-0.2920237926361147,0.0662627838125392,0.29213063544041623
ecq,0.3662086954074666,-0.09219717672053712,-0.11848169778786348,-0.13124010405635592,0.08486205545946765,-0.41033868130090906,-0.028229525759575675,-0.16182258024108562,0.0,0.3203316242945623,-0.29649413469350766,0.1824208753693241,0.7888697367865738,-0.10351577712612363,0.32637989310800714
face-shield,0.8060319853521918,0.4641564175395721,0.19920661927318095,0.03147770612856842,0.5742210755036775,-0.2804369675436862,0.09107768475421024,0.2409798436689456,0.3203316242945623,0.0,-0.4690160436914137,0.2741067277227282,0.05161921501513235,-0.09430331506780405,0.308703327878381
Frontliners,-0.505869308576191,0.0004074219821425559,-0.17557000773945153,0.2748641685354791,-0.348822694520455,0.08543924844526325,0.015819502104024673,-0.37835721677112366,-0.29649413469350766,-0.4690160436914137,0.0,-0.2834883057697921,0.07199328349315216,0.06325923936879028,-0.14764259802886637
masks,0.43212010214425217,0.1117351044621112,-0.2352072424679083,-0.08075404497927198,0.2291948107295927,-0.3565987844160263,-0.2443661323279145,0.12267954581168923,0.1824208753693241,0.2741067277227282,-0.2834883057697921,0.0,0.08428558357006356,0.2308317113372069,0.26247828560420267
Quarantine,0.09747348732968564,-0.1277703245619416,-0.11814497592785349,-0.21180211257835244,-0.1561374592041236,-0.30001689709517554,-0.1390628520533543,-0.2920237926361147,0.7888697367865738,0.05161921501513235,0.07199328349315216,0.08428558357006356,0.0,0.034432531601697194,0.21289914983244093
social-distancing,0.07539146477904247,-0.23845275385050674,0.06939056244695423,0.2230803237492957,-0.10899341096031066,0.057407763213624174,-0.14798923641022654,0.0662627838125392,-0.10351577712612363,-0.09430331506780405,0.06325923936879028,0.2308317113372069,0.034432531601697194,0.0,-0.049939990338070145
work-from-home,0.2703295477536609,-0.10573535113698707,0.04486766419188127,-0.08125995398511354,0.28256255591270785,-0.43633976873167507,-0.13933793557466143,0.29213063544041623,0.32637989310800714,0.308703327878381,-0.14764259802886637,0.26247828560420267,0.21289914983244093,-0.049939990338070145,0.0
