,flu,cough,fever,headache,lagnat,rashes,sipon,ubo,ecq,face-shield,Frontliners,masks,Quarantine,social-distancing,work-from-home
flu,0.0,0.062283039696591,0.29557167167009435,0.08972583352578965,-0.10180422973405971,0.25402781188554224,0.31493310374680344,0.2412152312042558,0.1907645042714887,0.17849741458525267,0.10611440490587312,-0.2766055233327365,0.3203429506471244,-0.0058857356734878154,0.1564600060797504
cough,0.062283039696591,0.0,0.20753448497189408,-0.057226464652040926,-0.03656697379677358,0.19419375847497478,0.19094314726945694,0.10089138791870009,0.20236823437674104,0.31949273392195293,0.1505974372586579,0.027365644545906783,0.29661767046523385,-0.17232585240680376,-0.049559010697050675
fever,0.29557167167009435,0.20753448497189408,0.0,0.26646914799138227,-0.15648092132135652,0.46907227913797295,0.2962760500586755,0.2706559136888857,0.31393629887328217,-0.12087888723829329,0.3379296193006604,-0.18711173098892322,0.29958492536732384,-0.1398666917062363,-0.09079811648424323
headache,0.08972583352578965,-0.057226464652040926,0.26646914799138227,0.0,-0.24210146664519427,0.34789113956287276,-0.0586831228565536,-0.2300824210734637,-0.15281450953998252,0.037451211791682336,0.17373227867766283,0.10948335172435074,-0.16453245984962922,0.03913010944743577,0.15218831582335243
lagnat,-0.10180422973405971,-0.03656697379677358,-0.15648092132135652,-0.24210146664519427,0.0,0.18139388346624455,0.06961611015337524,0.19861298672870364,-0.014258580142328031,-0.005619546452691263,-0.011319102379042408,0.14631265905632,0.10374917739898067,-0.08731357908199028,0.09855766122425202
rashes,0.25402781188554224,0.19419375847497478,0.46907227913797295,0.34789113956287276,0.18139388346624455,0.0,0.2665279838422829,0.06817461044973694,-0.06157358143021403,0.3411482297024865,0.024863752840922636,-0.2871860774540619,0.07490712269762352,0.09451009722044727,0.2841257020203369
sipon,0.31493310374680344,0.19094314726945694,0.2962760500586755,-0.0586831228565536,0.06961611015337524,0.2665279838422829,0.0,0.4559459593154694,0.4337172718881168,-0.004767631472773986,0.1276224567990627,-0.22855882141061018,0.5191058909019572,-0.3827627762676648,-0.42643422353767996
ubo,0.2412152312042558,0.10089138791870009,0.2706559136888857,-0.2300824210734637,0.19861298672870364,0.06817461044973694,0.4559459593154694,0.0,0.36427509548556863,-0.26760161457840786,-0.13129234725241237,0.012585997667741423,0.3302530803472332,-0.23007831776228344,-0.23098284962195628
ecq,0.1907645042714887,0.20236823437674104,0.31393629887328217,-0.15281450953998252,-0.014258580142328031,-0.06157358143021403,0.4337172718881168,0.36427509548556863,0.0,-0.17240717282408768,0.4287814348442255,0.1485512247213941,0.8556745342104716,-0.15701666240022968,-0.4673340501781206
face-shield,0.17849741458525267,0.31949273392195293,-0.12087888723829329,0.037451211791682336,-0.005619546452691263,0.3411482297024865,-0.004767631472773986,-0.26760161457840786,-0.17240717282408768,0.0,-0.039682670087245235,-0.3111435372854481,0.09005348134747636,0.04884043551281001,0.29666152751775837
Frontliners,0.10611440490587312,0.1505974372586579,0.3379296193006604,0.17373227867766283,-0.011319102379042408,0.024863752840922636,0.1276224567990627,-0.13129234725241237,0.4287814348442255,-0.039682670087245235,0.0,0.3602464863795913,0.3562236829235351,0.11158685266418802,-0.042045893579206337
masks,-0.2766055233327365,0.027365644545906783,-0.18711173098892322,0.10948335172435074,0.14631265905632,-0.2871860774540619,-0.22855882141061018,0.012585997667741423,0.1485512247213941,-0.3111435372854481,0.3602464863795913,0.0,-0.021518540964486507,0.263159981827714,-0.13076961604204593
Quarantine,0.3203429506471244,0.29661767046523385,0.29958492536732384,-0.16453245984962922,0.10374917739898067,0.07490712269762352,0.5191058909019572,0.3302530803472332,0.8556745342104716,0.09005348134747636,0.3562236829235351,-0.021518540964486507,0.0,-0.2503812465876088,-0.31879639981028696
social-distancing,-0.0058857356734878154,-0.17232585240680376,-0.1398666917062363,0.03913010944743577,-0.08731357908199028,0.09451009722044727,-0.3827627762676648,-0.23007831776228344,-0.15701666240022968,0.04884043551281001,0.11158685266418802,0.263159981827714,-0.2503812465876088,0.0,0.5020232580471989
work-from-home,0.1564600060797504,-0.049559010697050675,-0.09079811648424323,0.15218831582335243,0.09855766122425202,0.2841257020203369,-0.42643422353767996,-0.23098284962195628,-0.4673340501781206,0.29666152751775837,-0.042045893579206337,-0.13076961604204593,-0.31879639981028696,0.5020232580471989,0.0
