,flu,cough,fever,headache,lagnat,rashes,sipon,ubo,ecq,face-shield,Frontliners,masks,Quarantine,social-distancing,work-from-home
flu,0.0,0.45047972332039077,0.3817850105053688,0.23348304473451104,0.21587587325049587,-0.5658067098400701,0.082234789135526,-0.043179232191918535,-0.5820618115484516,0.6214964574904667,-0.4142162001118471,0.3778128655335278,-0.38001106803058793,0.308088265793159,0.3983987780761709
cough,0.45047972332039077,0.0,0.7751241831609066,0.22649648881096404,0.16541412432094332,-0.37063683151408855,-0.06271810769080877,-0.21535016500859633,-0.6778480430668873,0.49119249956666816,-0.631235688163446,0.541537317951642,-0.548891777581072,-0.29168924203399926,0.2797993392638011
fever,0.3817850105053688,0.7751241831609066,0.0,0.061253181877514905,0.2455183617024674,-0.2819781218039502,-0.17234332263950475,-0.26896155710432806,-0.6801239131066995,0.3813256412695055,-0.632675791571082,0.44296992911390926,-0.5970605449005437,-0.244031285713509,0.21372187942571966
headache,0.23348304473451104,0.22649648881096404,0.061253181877514905,0.0,0.03939106478989688,-0.12423996597743053,-0.016504390074105407,0.06388100944668962,-0.18964960188646718,0.10372246218935308,0.1021983084687434,0.14164405573871303,-0.19037363997949136,-0.01250163238130812,0.14026458211076337
lagnat,0.21587587325049587,0.16541412432094332,0.2455183617024674,0.03939106478989688,0.0,0.019198089350162515,-0.0939037477873128,-0.2511560546075632,-0.16469985034648973,0.1663221357931428,0.028253154880198382,0.06526785649226925,-0.10534772076626478,-0.1498903964758673,-0.3669665687173979
rashes,-0.5658067098400701,-0.37063683151408855,-0.2819781218039502,-0.12423996597743053,0.019198089350162515,0.0,-0.09027529173015304,0.12103389912623323,0.523352621019045,-0.2575437183511428,0.28443496540310464,-0.33438390538228085,0.4030597265876847,-0.10108373907657918,-0.4096484556336558
sipon,0.082234789135526,-0.06271810769080877,-0.17234332263950475,-0.016504390074105407,-0.0939037477873128,-0.09027529173015304,0.0,-0.0499586371667003,0.05477720007459274,-0.009930329415724396,0.12569887798521856,0.15955984325157482,0.2947311265017988,0.004359173553705579,0.119419728318
ubo,-0.043179232191918535,-0.21535016500859633,-0.26896155710432806,0.06388100944668962,-0.2511560546075632,0.12103389912623323,-0.0499586371667003,0.0,0.07460849613811842,0.19430193490994138,0.2578868783159923,0.10971454894104657,0.07419667919612058,0.22898450064462406,0.1737573335252041
ecq,-0.5820618115484516,-0.6778480430668873,-0.6801239131066995,-0.18964960188646718,-0.16469985034648973,0.523352621019045,0.05477720007459274,0.07460849613811842,0.0,-0.5416257867159016,0.6312595000540933,-0.6314404238087036,0.7534640214143866,0.10882798473412193,-0.4103698962064773
face-shield,0.6214964574904667,0.49119249956666816,0.3813256412695055,0.10372246218935308,0.1663221357931428,-0.2575437183511428,-0.009930329415724396,0.19430193490994138,-0.5416257867159016,0.0,-0.2867193479890689,0.49469183862285815,-0.47594501342466494,0.3122659430253744,0.43764421799935105
Frontliners,-0.4142162001118471,-0.631235688163446,-0.632675791571082,0.1021983084687434,0.028253154880198382,0.28443496540310464,0.12569887798521856,0.2578868783159923,0.6312595000540933,-0.2867193479890689,0.0,-0.42532955020601626,0.4567302750091267,0.14151823843343414,-0.10186308492159762
masks,0.3778128655335278,0.541537317951642,0.44296992911390926,0.14164405573871303,0.06526785649226925,-0.33438390538228085,0.15955984325157482,0.10971454894104657,-0.6314404238087036,0.49469183862285815,-0.42532955020601626,0.0,-0.3708753061600786,-0.098929130926843,0.4863166798292848
Quarantine,-0.38001106803058793,-0.548891777581072,-0.5970605449005437,-0.19037363997949136,-0.10534772076626478,0.4030597265876847,0.2947311265017988,0.07419667919612058,0.7534640214143866,-0.47594501342466494,0.4567302750091267,-0.3708753061600786,0.0,0.059162990774142804,-0.21928552735160395
social-distancing,0.308088265793159,-0.29168924203399926,-0.244031285713509,-0.01250163238130812,-0.1498903964758673,-0.10108373907657918,0.004359173553705579,0.22898450064462406,0.10882798473412193,0.3122659430253744,0.14151823843343414,-0.098929130926843,0.059162990774142804,0.0,0.09258987907497755
work-from-home,0.3983987780761709,0.2797993392638011,0.21372187942571966,0.14026458211076337,-0.3669665687173979,-0.4096484556336558,0.119419728318,0.1737573335252041,-0.4103698962064773,0.43764421799935105,-0.10186308492159762,0.4863166798292848,-0.21928552735160395,0.09258987907497755,0.0
