,flu,cough,fever,headache,lagnat,rashes,sipon,ubo,ecq,face-shield,Frontliners,masks,Quarantine,social-distancing,work-from-home
flu,0.0,0.10028152795670546,0.1952193265577567,0.014879112654788872,-0.28931475517396726,0.0567198703948236,0.20301918342368708,0.3182424034205891,0.2666656351464786,0.08028999763238745,0.24185132105069304,-0.1600357656748433,0.24698542699983173,0.08952008607261606,0.01309022047272111
cough,0.10028152795670546,0.0,0.18643155918674484,-0.00522827599983953,0.03263941325106574,-0.1813163994166802,0.1890381165995745,0.2293560271675069,0.3608363762140008,-0.06366813259694205,0.2295351763477895,-0.173017521529919,0.2982752150780556,-0.26785559334944065,-0.2898910968155037
fever,0.1952193265577567,0.18643155918674484,0.0,0.11697076687485798,-0.12417691840604408,0.43257003500414126,-0.03980208158674669,0.07554596082405758,0.2002433230857758,-0.1340319467668025,0.29837860865336496,0.17472217203183701,0.13401855156755677,0.009820086806251163,-0.04808688665886658
headache,0.014879112654788872,-0.00522827599983953,0.11697076687485798,0.0,-0.32756796952503214,-0.07779017996601348,0.004270724565176914,-0.12279593035175308,-0.12490315971844743,-0.2281224871610168,0.020883931713233533,-0.09918023073819052,-0.10718715523822464,-0.11257484778830963,0.050258464192949694
lagnat,-0.28931475517396726,0.03263941325106574,-0.12417691840604408,-0.32756796952503214,0.0,0.23609482940522453,0.07063665827148602,0.02750560648835592,-0.007818802587044867,0.04706581993054236,0.07925604603853813,0.2684649902452671,0.055665776075498156,-0.22703491699558198,-0.1498372700037857
rashes,0.0567198703948236,-0.1813163994166802,0.43257003500414126,-0.07779017996601348,0.23609482940522453,0.0,-0.018035003651731062,0.037564066296950506,-0.07961206961753642,0.3713741341923089,0.1762545847515742,0.44792681994408784,-0.10410173656063297,0.21074812842894983,0.2482940182855273
sipon,0.20301918342368708,0.1890381165995745,-0.03980208158674669,0.004270724565176914,0.07063665827148602,-0.018035003651731062,0.0,0.5494795531718488,0.5326988723610867,-0.2369569775347734,0.21968057427641016,-0.10224529488710445,0.4807538226599612,-0.30483341419234006,-0.5161881256198936
ubo,0.3182424034205891,0.2293560271675069,0.07554596082405758,-0.12279593035175308,0.02750560648835592,0.037564066296950506,0.5494795531718488,0.0,0.4287621203783315,-0.2535696582814037,0.11168349479249641,-0.1040448380457081,0.3620721852727716,-0.2590182215510039,-0.2668719356532149
ecq,0.2666656351464786,0.3608363762140008,0.2002433230857758,-0.12490315971844743,-0.007818802587044867,-0.07961206961753642,0.5326988723610867,0.4287621203783315,0.0,-0.136352204758337,0.5037835374421934,-0.07793350491675569,0.9327708811710259,-0.28947730589922444,-0.5161378045640104
face-shield,0.08028999763238745,-0.06366813259694205,-0.1340319467668025,-0.2281224871610168,0.04706581993054236,0.3713741341923089,-0.2369569775347734,-0.2535696582814037,-0.136352204758337,0.0,0.03307429265845952,0.20427034961454762,-0.07102013011748645,0.3991044432675729,0.38366521064383385
Frontliners,0.24185132105069304,0.2295351763477895,0.29837860865336496,0.020883931713233533,0.07925604603853813,0.1762545847515742,0.21968057427641016,0.11168349479249641,0.5037835374421934,0.03307429265845952,0.0,0.3322438558057909,0.484387553758511,0.11583198374388907,-0.02263254940515689
masks,-0.1600357656748433,-0.173017521529919,0.17472217203183701,-0.09918023073819052,0.2684649902452671,0.44792681994408784,-0.10224529488710445,-0.1040448380457081,-0.07793350491675569,0.20427034961454762,0.3322438558057909,0.0,0.004293050997417059,0.202643213470745,0.2444898895704187
Quarantine,0.24698542699983173,0.2982752150780556,0.13401855156755677,-0.10718715523822464,0.055665776075498156,-0.10410173656063297,0.4807538226599612,0.3620721852727716,0.9327708811710259,-0.07102013011748645,0.484387553758511,0.004293050997417059,0.0,-0.21724780267751634,-0.4051948849811342
social-distancing,0.08952008607261606,-0.26785559334944065,0.009820086806251163,-0.11257484778830963,-0.22703491699558198,0.21074812842894983,-0.30483341419234006,-0.2590182215510039,-0.28947730589922444,0.3991044432675729,0.11583198374388907,0.202643213470745,-0.21724780267751634,0.0,0.705418441687696
work-from-home,0.01309022047272111,-0.2898910968155037,-0.04808688665886658,0.050258464192949694,-0.1498372700037857,0.2482940182855273,-0.5161881256198936,-0.2668719356532149,-0.5161378045640104,0.38366521064383385,-0.02263254940515689,0.2444898895704187,-0.4051948849811342,0.705418441687696,0.0
