,flu,cough,fever,headache,lagnat,rashes,sipon,ubo,ecq,face-shield,Frontliners,masks,Quarantine,social-distancing,work-from-home
flu,0.0,0.28930746018500275,-0.125089733738026,-0.09963944208662588,-0.00970312827192631,0.11800377184149606,0.20153517492384126,0.20181953659548002,0.21171354357350305,-0.034043426949810364,-0.0069785409720250855,-0.15024066262513133,0.1267455971177848,0.02740510414665596,0.228393847883279
cough,0.28930746018500275,0.0,-0.2863331081593747,0.2599007187698523,-0.33569508582442936,-0.14739099715480783,-0.29731061464074077,-0.07692388077004986,-0.08857569991501392,0.14030282898085863,0.12871158684792255,-0.08159121790229326,0.3375160025976405,-0.21372635712631594,-0.018436758568741562
fever,-0.125089733738026,-0.2863331081593747,0.0,-0.015427740191908592,0.0782355996118953,0.236119798783598,0.18545480387089444,-0.006430433119425077,-0.15386378320103508,-0.11626017301976517,-0.31978948400870066,0.19903101391239875,-0.3314531260246022,0.2479472618780801,-0.04159817890739157
headache,-0.09963944208662588,0.2599007187698523,-0.015427740191908592,0.0,-0.010642152107781105,0.12809694144607273,-0.04948226997487553,0.08511863753362017,-0.22570461240907577,0.016753712473692887,-0.09793517620022296,0.06666410702670544,0.1371888997410303,-0.10476640183306284,-0.14724210303780916
lagnat,-0.00970312827192631,-0.33569508582442936,0.0782355996118953,-0.010642152107781105,0.0,-0.05709989300597744,0.10205475397248348,0.016061456988055528,-0.07221970941961944,-0.3221807541886813,-0.32265333187980483,0.1238931338292351,-0.31079689414935957,0.10824093692923568,0.189706591045259
rashes,0.11800377184149606,-0.14739099715480783,0.236119798783598,0.12809694144607273,-0.05709989300597744,0.0,0.5497222184657123,-0.08439586082840606,-0.17284904335075024,-0.11057901032250418,-0.23458052082768133,-0.08736640772168018,-0.223847617008583,0.21671518728213798,-0.14428710102898565
sipon,0.20153517492384126,-0.29731061464074077,0.18545480387089444,-0.04948226997487553,0.10205475397248348,0.5497222184657123,0.0,-0.1580141050600174,-0.05255671654644173,-0.21910049135705997,-0.28956340784378387,-0.06597812937342876,-0.15578790842058796,0.10308210882189082,-0.24783909806650098
ubo,0.20181953659548002,-0.07692388077004986,-0.006430433119425077,0.08511863753362017,0.016061456988055528,-0.08439586082840606,-0.1580141050600174,0.0,0.6145351608929319,0.1448587671543017,0.1279836468571301,0.25941957907409696,0.14609044608960184,-0.2750008978823326,0.18503826045989627
ecq,0.21171354357350305,-0.08857569991501392,-0.15386378320103508,-0.22570461240907577,-0.07221970941961944,-0.17284904335075024,-0.05255671654644173,0.6145351608929319,0.0,0.1426530688020669,0.40312062062512566,0.2396754728086245,0.5010182760008316,-0.09712630501872956,0.37486610404529563
face-shield,-0.034043426949810364,0.14030282898085863,-0.11626017301976517,0.016753712473692887,-0.3221807541886813,-0.11057901032250418,-0.21910049135705997,0.1448587671543017,0.1426530688020669,0.0,0.5125559504008222,0.012182563100440911,0.4436499872578557,-0.508415936557232,-0.14417351097813477
Frontliners,-0.0069785409720250855,0.12871158684792255,-0.31978948400870066,-0.09793517620022296,-0.32265333187980483,-0.23458052082768133,-0.28956340784378387,0.1279836468571301,0.40312062062512566,0.5125559504008222,0.0,0.014424829629350938,0.6097833456825231,-0.4277273050582622,0.12304447683360419
masks,-0.15024066262513133,-0.08159121790229326,0.19903101391239875,0.06666410702670544,0.1238931338292351,-0.08736640772168018,-0.06597812937342876,0.25941957907409696,0.2396754728086245,0.012182563100440911,0.014424829629350938,0.0,0.1980944624064384,-0.02182826681578461,0.2874031257103506
Quarantine,0.1267455971177848,0.3375160025976405,-0.3314531260246022,0.1371888997410303,-0.31079689414935957,-0.223847617008583,-0.15578790842058796,0.14609044608960184,0.5010182760008316,0.4436499872578557,0.6097833456825231,0.1980944624064384,0.0,-0.35640171030045964,0.036787826078291376
social-distancing,0.02740510414665596,-0.21372635712631594,0.2479472618780801,-0.10476640183306284,0.10824093692923568,0.21671518728213798,0.10308210882189082,-0.2750008978823326,-0.09712630501872956,-0.508415936557232,-0.4277273050582622,-0.02182826681578461,-0.35640171030045964,0.0,0.22276781282812347
work-from-home,0.228393847883279,-0.018436758568741562,-0.04159817890739157,-0.14724210303780916,0.189706591045259,-0.14428710102898565,-0.24783909806650098,0.18503826045989627,0.37486610404529563,-0.14417351097813477,0.12304447683360419,0.2874031257103506,0.036787826078291376,0.22276781282812347,0.0
