,flu,cough,fever,headache,lagnat,rashes,sipon,ubo,ecq,face-shield,Frontliners,masks,Quarantine,social-distancing,work-from-home
flu,0.0,-0.12545947072160565,-0.16885676829365898,0.1720235947210006,-0.021588608330946692,0.11177092264432985,-0.010355562836751889,0.13205333497200583,0.10165879981760566,0.4865599192164293,0.34583845520385986,0.10941972822472254,0.24667525341295948,0.5750184667844078,0.18424746807495473
cough,-0.12545947072160565,0.0,0.4321222373471366,0.1297417856092749,0.08281011440682898,0.06360637169324802,-0.0012493115938733287,0.22908783900899035,-0.6283518661407825,-0.04604318695338342,-0.14207723658402197,-0.10734870143886126,-0.5150994052768796,-0.40183631039052625,-0.05358005299851458
fever,-0.16885676829365898,0.4321222373471366,0.0,0.007206754253231591,-0.009380789884461534,0.5449639285354106,-0.24809182220278114,-0.09370391497544978,-0.32877913676463394,0.2025050199716162,0.13324986832972366,0.24839980179645793,-0.3148792290632994,-0.1791160664114249,0.04425465984857309
headache,0.1720235947210006,0.1297417856092749,0.007206754253231591,0.0,-0.24663788047370847,-0.025519827937010044,0.0007744806489178057,-0.06667199371323401,-0.1463950193337296,0.05173076748030735,0.07094989387940251,-0.002215981166767618,0.005264205954541615,0.015351754828864653,0.05035822287998674
lagnat,-0.021588608330946692,0.08281011440682898,-0.009380789884461534,-0.24663788047370847,0.0,0.19916465661532012,0.0871747467000078,0.11054456929325245,-0.0921600780562776,-0.04644001723388018,0.07952498002609067,0.19751783995842476,-0.014098791061050019,-0.25881593885159065,-0.31912700614594447
rashes,0.11177092264432985,0.06360637169324802,0.5449639285354106,-0.025519827937010044,0.19916465661532012,0.0,0.04535668873946856,0.1724373170655365,-0.17803003146913282,0.5099264261501149,0.24441654178988795,0.41997769476933006,-0.2251711282564335,0.032064209962014284,0.1559341883604277
sipon,-0.010355562836751889,-0.0012493115938733287,-0.24809182220278114,0.0007744806489178057,0.0871747467000078,0.04535668873946856,0.0,0.2252010033720041,-0.10206857860608405,-0.15845623836202322,-0.003893179891376862,-0.0659105178289872,-0.13584899254000482,-0.07827137977888071,-0.2433135508412541
ubo,0.13205333497200583,0.22908783900899035,-0.09370391497544978,-0.06667199371323401,0.11054456929325245,0.1724373170655365,0.2252010033720041,0.0,-0.16698167869506655,0.052467403052356205,-0.06077248249824607,0.20624981760949757,-0.26773917904167577,0.054126536914991114,0.1650844121172037
ecq,0.10165879981760566,-0.6283518661407825,-0.32877913676463394,-0.1463950193337296,-0.0921600780562776,-0.17803003146913282,-0.10206857860608405,-0.16698167869506655,0.0,-0.04978349988409363,0.35794098896564613,0.1604441214397541,0.8428487089605908,0.4880059116635707,0.16848360456103326
face-shield,0.4865599192164293,-0.04604318695338342,0.2025050199716162,0.05173076748030735,-0.04644001723388018,0.5099264261501149,-0.15845623836202322,0.052467403052356205,-0.04978349988409363,0.0,0.2522671071901782,0.21697632756832125,0.01408671553306914,0.4637794457541556,0.4580865339718266
Frontliners,0.34583845520385986,-0.14207723658402197,0.13324986832972366,0.07094989387940251,0.07952498002609067,0.24441654178988795,-0.003893179891376862,-0.06077248249824607,0.35794098896564613,0.2522671071901782,0.0,0.39946937001648714,0.3952049365747375,0.4412222729102605,0.338228070363166
masks,0.10941972822472254,-0.10734870143886126,0.24839980179645793,-0.002215981166767618,0.19751783995842476,0.41997769476933006,-0.0659105178289872,0.20624981760949757,0.1604441214397541,0.21697632756832125,0.39946937001648714,0.0,0.20714953990811444,0.24307880962556708,0.19463332878104894
Quarantine,0.24667525341295948,-0.5150994052768796,-0.3148792290632994,0.005264205954541615,-0.014098791061050019,-0.2251711282564335,-0.13584899254000482,-0.26773917904167577,0.8428487089605908,0.01408671553306914,0.3952049365747375,0.20714953990811444,0.0,0.49338808965143477,0.3212835755046843
social-distancing,0.5750184667844078,-0.40183631039052625,-0.1791160664114249,0.015351754828864653,-0.25881593885159065,0.032064209962014284,-0.07827137977888071,0.054126536914991114,0.4880059116635707,0.4637794457541556,0.4412222729102605,0.24307880962556708,0.49338808965143477,0.0,0.5058628479963171
work-from-home,0.18424746807495473,-0.05358005299851458,0.04425465984857309,0.05035822287998674,-0.31912700614594447,0.1559341883604277,-0.2433135508412541,0.1650844121172037,0.16848360456103326,0.4580865339718266,0.338228070363166,0.19463332878104894,0.3212835755046843,0.5058628479963171,0.0
