,flu,cough,fever,headache,lagnat,rashes,sipon,ubo,ecq,face-shield,Frontliners,masks,Quarantine,social-distancing,work-from-home
flu,0.0,-0.2568861724932747,0.029889552611837997,0.08076921089712022,-0.22707187396002518,-0.25446116020304166,0.02652717749291131,-0.16674729487303872,0.3842732441813879,-0.04695957761991769,-0.04780771976956127,0.023255547946804657,0.2412819360297051,-0.22122112959103943,0.10304048598351447
cough,-0.2568861724932747,0.0,0.3420747457145859,0.4262910237480355,0.450766792609672,0.03809458470751762,-0.29626715409430343,-0.12220479137734111,0.052908410752293425,-0.2150815814661133,-0.3528612141657874,0.2074474286609178,-0.10986567548888916,0.2300741411555668,-0.16469517584862084
fever,0.029889552611837997,0.3420747457145859,0.0,0.09828001964723396,0.04306558049737326,-0.226901992835598,-0.27853220940034945,-0.14188423900533106,0.22164739578159237,-0.2988238432088541,-0.3373379488826829,0.21757344993364652,0.0967804128003532,0.21431399930903466,-0.04275689069696367
headache,0.08076921089712022,0.4262910237480355,0.09828001964723396,0.0,0.20445583051370844,-0.2965180694185939,0.10774038159538757,0.13466315852698266,0.092612077767737,-0.09420258100018297,-0.1366094094242518,-0.08201416889669984,-0.1893519689222493,-0.14554763546101718,-0.13748873778125664
lagnat,-0.22707187396002518,0.450766792609672,0.04306558049737326,0.20445583051370844,0.0,0.017419617291956044,-0.05174262028598693,0.1127350550185273,-0.01262855766788267,-0.1509359270308837,-0.07044888903837498,-0.146537045046427,-0.32141047224714264,-0.06971585814930951,-0.13365802813469674
rashes,-0.25446116020304166,0.03809458470751762,-0.226901992835598,-0.2965180694185939,0.017419617291956044,0.0,-0.07975864094849346,0.3396106515704406,-0.4325344250148934,0.3208045494299867,0.12339828133072148,0.14286436494791852,-0.23706343390888218,-0.03850929356036212,-0.4421504520218983
sipon,0.02652717749291131,-0.29626715409430343,-0.27853220940034945,0.10774038159538757,-0.05174262028598693,-0.07975864094849346,0.0,0.24597761725259282,-0.05681987533997661,0.20917780648363157,0.05753224402477744,-0.2869574456538414,-0.19745598437932146,-0.03288131529755769,0.2150625105851204
ubo,-0.16674729487303872,-0.12220479137734111,-0.14188423900533106,0.13466315852698266,0.1127350550185273,0.3396106515704406,0.24597761725259282,0.0,-0.48346504891224656,0.38470636483532233,-0.05135904010403552,-0.28061067124067735,-0.4327155634733883,0.058320620241931416,-0.20211307361755732
ecq,0.3842732441813879,0.052908410752293425,0.22164739578159237,0.092612077767737,-0.01262855766788267,-0.4325344250148934,-0.05681987533997661,-0.48346504891224656,0.0,-0.3797184437805295,-0.12544838570320324,0.39125585422607356,0.27257734323252075,-0.22030452496431277,0.04928177993739593
face-shield,-0.04695957761991769,-0.2150815814661133,-0.2988238432088541,-0.09420258100018297,-0.1509359270308837,0.3208045494299867,0.20917780648363157,0.38470636483532233,-0.3797184437805295,0.0,-0.010328246421228154,-0.26368250421802947,-0.04055923468825929,0.13033041463674672,-0.22054262004973668
Frontliners,-0.04780771976956127,-0.3528612141657874,-0.3373379488826829,-0.1366094094242518,-0.07044888903837498,0.12339828133072148,0.05753224402477744,-0.05135904010403552,-0.12544838570320324,-0.010328246421228154,0.0,0.28949232332051433,0.2461118122525294,-0.04307343373221085,0.17600243521375644
masks,0.023255547946804657,0.2074474286609178,0.21757344993364652,-0.08201416889669984,-0.146537045046427,0.14286436494791852,-0.2869574456538414,-0.28061067124067735,0.39125585422607356,-0.26368250421802947,0.28949232332051433,0.0,0.257385959304,0.08532396038088415,-0.0656497216348518
Quarantine,0.2412819360297051,-0.10986567548888916,0.0967804128003532,-0.1893519689222493,-0.32141047224714264,-0.23706343390888218,-0.19745598437932146,-0.4327155634733883,0.27257734323252075,-0.04055923468825929,0.2461118122525294,0.257385959304,0.0,0.023544185012384453,0.3457034046552447
social-distancing,-0.22122112959103943,0.2300741411555668,0.21431399930903466,-0.14554763546101718,-0.06971585814930951,-0.03850929356036212,-0.03288131529755769,0.058320620241931416,-0.22030452496431277,0.13033041463674672,-0.04307343373221085,0.08532396038088415,0.023544185012384453,0.0,0.40888294829907496
work-from-home,0.10304048598351447,-0.16469517584862084,-0.04275689069696367,-0.13748873778125664,-0.13365802813469674,-0.4421504520218983,0.2150625105851204,-0.20211307361755732,0.04928177993739593,-0.22054262004973668,0.17600243521375644,-0.0656497216348518,0.3457034046552447,0.40888294829907496,0.0
