,flu,cough,fever,headache,lagnat,rashes,sipon,ubo,ecq,face-shield,Frontliners,masks,Quarantine,social-distancing,work-from-home
flu,0.0,-0.22556667182774212,-0.03896870144175597,0.09330101731054713,-0.21861575307293468,-0.23409058880017955,0.05322067242390857,-0.14268293765642923,0.3349075504392652,0.04068237862443717,0.0018659350268338088,-0.028365575351787558,0.19937969135503175,-0.2438902066823818,0.1650531611094781
cough,-0.22556667182774212,0.0,0.23104725229204184,0.4500144741418853,0.3887856472701061,0.03204289587297334,-0.2935206274304698,-0.2437748619096071,0.016886546664743162,-0.1642776789534388,-0.24488895112307224,0.15964607400762137,-0.15961480047229237,0.20061294830998663,-0.023018479306853107
fever,-0.03896870144175597,0.23104725229204184,0.0,0.020928624872581705,0.1540245337758331,-0.17682002440060252,-0.23488811717578625,0.15250713510341096,0.21498749917963358,-0.30939580069362255,-0.41028438144231605,0.23497318721958654,0.1599107513211282,0.22416599850191682,-0.1900626081480702
headache,0.09330101731054713,0.4500144741418853,0.020928624872581705,0.0,0.1723266459799885,-0.29396269370923495,0.11320025813420216,0.05884076798375665,0.05483875498850732,-0.03946586280719659,-0.06482449197453574,-0.12145475191353693,-0.22658518050446852,-0.16283253620718546,-0.025429648267069862
lagnat,-0.21861575307293468,0.3887856472701061,0.1540245337758331,0.1723266459799885,0.0,-0.015825381823423523,-0.08702117391404857,0.11273505501852721,0.08637686216192472,-0.29562695196396294,-0.15101837794742576,-0.06647417740109181,-0.24862026042231442,-0.03457372550348095,-0.2476993874005259
rashes,-0.23409058880017955,0.03204289587297334,-0.17682002440060252,-0.29396269370923495,-0.015825381823423523,0.0,-0.11398227919905309,0.2600128104594608,-0.3936450211957194,0.2619562831943749,0.09739779818258133,0.1886204999582697,-0.21521889670492403,-0.023271761925260075,-0.4305634646124596
sipon,0.05322067242390857,-0.2935206274304698,-0.23488811717578625,0.11320025813420216,-0.08702117391404857,-0.11398227919905309,0.0,0.16182803665466944,-0.0031893641680610096,0.1511296873304576,0.04078280130673185,-0.25583673056145867,-0.1806703785262418,-0.020102702731787093,0.16603665488967273
ubo,-0.14268293765642923,-0.2437748619096071,0.15250713510341096,0.05884076798375665,0.11273505501852721,0.2600128104594608,0.16182803665466944,0.0,-0.2497206004892044,0.0602729663402363,-0.2632183217676139,-0.07658537167784144,-0.257203667328208,0.14723684970884368,-0.508881974323476
ecq,0.3349075504392652,0.016886546664743162,0.21498749917963358,0.05483875498850732,0.08637686216192472,-0.3936450211957194,-0.0031893641680610096,-0.2497206004892044,0.0,-0.31908813420625454,-0.15169651086040634,0.3696834732433178,0.28763807918825945,-0.23772702886675826,0.010700279795125436
face-shield,0.04068237862443717,-0.1642776789534388,-0.30939580069362255,-0.03946586280719659,-0.29562695196396294,0.2619562831943749,0.1511296873304576,0.0602729663402363,-0.31908813420625454,0.0,0.03967446433849935,-0.23698723966640042,-0.065712804121743,0.145243170000338,-0.14047889830523372
Frontliners,0.0018659350268338088,-0.24488895112307224,-0.41028438144231605,-0.06482449197453574,-0.15101837794742576,0.09739779818258133,0.04078280130673185,-0.2632183217676139,-0.15169651086040634,0.03967446433849935,0.0,0.22920361294398237,0.15388457011709444,-0.06719680142511342,0.3026691181141145
masks,-0.028365575351787558,0.15964607400762137,0.23497318721958654,-0.12145475191353693,-0.06647417740109181,0.1886204999582697,-0.25583673056145867,-0.07658537167784144,0.3696834732433178,-0.23698723966640042,0.22920361294398237,0.0,0.2788199226718512,0.08765306558182497,-0.12084081205212462
Quarantine,0.19937969135503175,-0.15961480047229237,0.1599107513211282,-0.22658518050446852,-0.24862026042231442,-0.21521889670492403,-0.1806703785262418,-0.257203667328208,0.28763807918825945,-0.065712804121743,0.15388457011709444,0.2788199226718512,0.0,0.03958830860819328,0.18956185769777759
social-distancing,-0.2438902066823818,0.20061294830998663,0.22416599850191682,-0.16283253620718546,-0.03457372550348095,-0.023271761925260075,-0.020102702731787093,0.14723684970884368,-0.23772702886675826,0.145243170000338,-0.06719680142511342,0.08765306558182497,0.03958830860819328,0.0,0.3206560012572385
work-from-home,0.1650531611094781,-0.023018479306853107,-0.1900626081480702,-0.025429648267069862,-0.2476993874005259,-0.4305634646124596,0.16603665488967273,-0.508881974323476,0.010700279795125436,-0.14047889830523372,0.3026691181141145,-0.12084081205212462,0.18956185769777759,0.3206560012572385,0.0
