,flu,cough,fever,headache,lagnat,rashes,sipon,ubo,ecq,face-shield,Frontliners,masks,Quarantine,social-distancing,work-from-home
flu,0.0,-0.30120819257926607,-0.005859710036210208,0.08933945241724212,0.35250418610150575,0.12429660961862045,-0.35004190351014164,-0.08012357389944041,-0.31742817902006637,-0.07995985812830347,-0.27855305593160146,0.0616097088335372,0.10158148999000738,-0.0982800519345981,0.09649276488628275
cough,-0.30120819257926607,0.0,0.3090400209550096,0.18194774419714266,-0.0310182617022985,-0.3158812958063081,0.4044559419637308,0.2106073081506979,-0.3668744547678622,-0.17731901931825644,-0.20784723120057227,-0.28235235175426043,-0.36029754743260856,-0.04966318098000275,-0.10370845400594449
fever,-0.005859710036210208,0.3090400209550096,0.0,0.057694769655388514,-0.2949183431929426,0.2530833621811994,0.42324779679083857,-0.003546000773165278,-0.03972981803454322,-0.0546268340681182,0.11592688609375701,-0.1365166328072583,0.16166882986662776,-0.06263015903009124,0.22816599968255957
headache,0.08933945241724212,0.18194774419714266,0.057694769655388514,0.0,0.028817200862778378,0.16327606821342358,-0.028257258229440883,-0.018351533955788153,0.10712840952445254,-0.28493813797500167,-0.3607732720098154,-0.04557844366955209,-0.09265978076150683,-0.13274398270744886,0.1566423813115419
lagnat,0.35250418610150575,-0.0310182617022985,-0.2949183431929426,0.028817200862778378,0.0,-0.11170047115975018,-0.1695213720265705,0.2279793114041873,-0.16879679326109623,0.13826348932762259,-0.35215294603826997,-0.07073635951941888,-0.0752180324810902,-0.045399566481019116,0.11910675248143222
rashes,0.12429660961862045,-0.3158812958063081,0.2530833621811994,0.16327606821342358,-0.11170047115975018,0.0,0.12016516398597087,-0.3476148661153907,0.179180126526426,0.01257764366906267,0.13448362727816662,-0.26623222213802766,-0.028826215484999706,-0.12806668532435575,0.5129737230082104
sipon,-0.35004190351014164,0.4044559419637308,0.42324779679083857,-0.028257258229440883,-0.1695213720265705,0.12016516398597087,0.0,0.18841675667203772,-0.12785162842555012,0.025249766782436366,-0.04690100065305965,-0.40280405508928635,-0.12650289825090977,-0.28634496646211605,0.10196318563106824
ubo,-0.08012357389944041,0.2106073081506979,-0.003546000773165278,-0.018351533955788153,0.2279793114041873,-0.3476148661153907,0.18841675667203772,0.0,-0.15961689712270255,0.25954234142650845,-0.24609194096389947,0.20694437448068853,-0.00812364832051103,-0.2828007793006122,0.06492003458968913
ecq,-0.31742817902006637,-0.3668744547678622,-0.03972981803454322,0.10712840952445254,-0.16879679326109623,0.179180126526426,-0.12785162842555012,-0.15961689712270255,0.0,0.25709951961366323,0.4090461485703364,0.2559661454558737,0.4070031831932306,0.3566483911811805,0.2871053877835456
face-shield,-0.07995985812830347,-0.17731901931825644,-0.0546268340681182,-0.28493813797500167,0.13826348932762259,0.01257764366906267,0.025249766782436366,0.25954234142650845,0.25709951961366323,0.0,0.04935814580452148,0.46988497291544834,0.1642346299614377,-0.0007134041838550746,0.2786385248060195
Frontliners,-0.27855305593160146,-0.20784723120057227,0.11592688609375701,-0.3607732720098154,-0.35215294603826997,0.13448362727816662,-0.04690100065305965,-0.24609194096389947,0.4090461485703364,0.04935814580452148,0.0,0.04649537865118768,0.2556992697485527,0.5103703822706667,0.3235958763843298
masks,0.0616097088335372,-0.28235235175426043,-0.1365166328072583,-0.04557844366955209,-0.07073635951941888,-0.26623222213802766,-0.40280405508928635,0.20694437448068853,0.2559661454558737,0.46988497291544834,0.04649537865118768,0.0,0.30204772673113356,-0.09857204487601273,-0.004056974382675661
Quarantine,0.10158148999000738,-0.36029754743260856,0.16166882986662776,-0.09265978076150683,-0.0752180324810902,-0.028826215484999706,-0.12650289825090977,-0.00812364832051103,0.4070031831932306,0.1642346299614377,0.2556992697485527,0.30204772673113356,0.0,0.12849847978299744,0.05243274113749832
social-distancing,-0.0982800519345981,-0.04966318098000275,-0.06263015903009124,-0.13274398270744886,-0.045399566481019116,-0.12806668532435575,-0.28634496646211605,-0.2828007793006122,0.3566483911811805,-0.0007134041838550746,0.5103703822706667,-0.09857204487601273,0.12849847978299744,0.0,-0.009087657150079495
work-from-home,0.09649276488628275,-0.10370845400594449,0.22816599968255957,0.1566423813115419,0.11910675248143222,0.5129737230082104,0.10196318563106824,0.06492003458968913,0.2871053877835456,0.2786385248060195,0.3235958763843298,-0.004056974382675661,0.05243274113749832,-0.009087657150079495,0.0
