,flu,cough,fever,headache,lagnat,rashes,sipon,ubo,ecq,face-shield,Frontliners,masks,Quarantine,social-distancing,work-from-home
flu,0.0,0.21087496750762086,-0.1390093166027204,-0.3261443050171076,-0.07948806745579212,0.0059935253708760525,0.037081078661048573,0.32736739179177193,0.36599011108813234,0.039628274775153266,-0.4839484637862262,0.26313746115602293,0.23161788385336976,-0.11670511270360004,0.023465243679079675
cough,0.21087496750762086,0.0,-0.33995873121878006,-0.11335842758659342,0.26238055323624293,0.10980056929673507,0.33283014780945513,0.2673351197343597,0.0467728983809895,-0.15516317108765368,-0.25128491551192317,-0.08770029206601823,-0.12059278349670664,-0.26370923126805856,-0.16785109219512537
fever,-0.1390093166027204,-0.33995873121878006,0.0,0.28542532871431164,-0.009439521132668143,0.47497698766213026,-0.1826653135684154,0.14472831719472426,-0.25706224204433065,0.04320452851198368,0.17938506180802394,-0.38786726437809627,-0.056179918951202876,-0.16785207725613477,-0.14452205747421404
headache,-0.3261443050171076,-0.11335842758659342,0.28542532871431164,0.0,-0.26597963654103574,0.317535953421293,-0.007089866080682463,-0.12026875783798181,-0.25222395686945787,-0.009258550563520474,0.44656756212041215,-0.24383663688888793,-0.24248819728985566,0.10629162486049808,-0.2659997059800205
lagnat,-0.07948806745579212,0.26238055323624293,-0.009439521132668143,-0.26597963654103574,0.0,-0.08089357849022559,0.27311775946432226,0.17365180883530626,0.06934838214515761,-0.044969806151813396,-0.13081872407345227,-0.06634533295215396,-0.02529417127286663,0.07502086785336508,0.1415916484185274
rashes,0.0059935253708760525,0.10980056929673507,0.47497698766213026,0.317535953421293,-0.08089357849022559,0.0,0.07934729017449531,0.34939200990047464,-0.441339646370071,-0.07921447623219713,0.03390568675212804,-0.4240307054358531,-0.25661222972946596,-0.23739696300703453,-0.4948469874212105
sipon,0.037081078661048573,0.33283014780945513,-0.1826653135684154,-0.007089866080682463,0.27311775946432226,0.07934729017449531,0.0,0.1641184978848989,0.029959442045382357,0.25167060761270993,-0.016800559748378675,-0.19599842595231018,-0.17415203987209044,-0.013389357198460317,-0.15166527349185663
ubo,0.32736739179177193,0.2673351197343597,0.14472831719472426,-0.12026875783798181,0.17365180883530626,0.34939200990047464,0.1641184978848989,0.0,-0.12876126560082077,0.001687963449217177,-0.37077543862864454,0.0760879598576654,-0.26574801533136805,-0.17366027168840964,0.03679851826855367
ecq,0.36599011108813234,0.0467728983809895,-0.25706224204433065,-0.25222395686945787,0.06934838214515761,-0.441339646370071,0.029959442045382357,-0.12876126560082077,0.0,0.332133004155458,-0.3668347838950402,0.0889003516541851,0.809188502525455,-0.0802871178241663,0.3615852192106662
face-shield,0.039628274775153266,-0.15516317108765368,0.04320452851198368,-0.009258550563520474,-0.044969806151813396,-0.07921447623219713,0.25167060761270993,0.001687963449217177,0.332133004155458,0.0,-0.13852994723139692,0.03940066363211074,0.31184224159417967,-0.15353197252075393,-0.055615527087522126
Frontliners,-0.4839484637862262,-0.25128491551192317,0.17938506180802394,0.44656756212041215,-0.13081872407345227,0.03390568675212804,-0.016800559748378675,-0.37077543862864454,-0.3668347838950402,-0.13852994723139692,0.0,0.029427868866420435,-0.03779511246052887,0.0041973387460750005,-0.16906584232900249
masks,0.26313746115602293,-0.08770029206601823,-0.38786726437809627,-0.24383663688888793,-0.06634533295215396,-0.4240307054358531,-0.19599842595231018,0.0760879598576654,0.0889003516541851,0.03940066363211074,0.029427868866420435,0.0,0.11952383425837129,0.1992506577334788,0.35596127591051674
Quarantine,0.23161788385336976,-0.12059278349670664,-0.056179918951202876,-0.24248819728985566,-0.02529417127286663,-0.25661222972946596,-0.17415203987209044,-0.26574801533136805,0.809188502525455,0.31184224159417967,-0.03779511246052887,0.11952383425837129,0.0,-0.03554559918048468,0.2233796543706071
social-distancing,-0.11670511270360004,-0.26370923126805856,-0.16785207725613477,0.10629162486049808,0.07502086785336508,-0.23739696300703453,-0.013389357198460317,-0.17366027168840964,-0.0802871178241663,-0.15353197252075393,0.0041973387460750005,0.1992506577334788,-0.03554559918048468,0.0,0.08008022116234027
work-from-home,0.023465243679079675,-0.16785109219512537,-0.14452205747421404,-0.2659997059800205,0.1415916484185274,-0.4948469874212105,-0.15166527349185663,0.03679851826855367,0.3615852192106662,-0.055615527087522126,-0.16906584232900249,0.35596127591051674,0.2233796543706071,0.08008022116234027,0.0
