,flu,cough,fever,headache,lagnat,rashes,sipon,ubo,ecq,face-shield,Frontliners,masks,Quarantine,social-distancing,work-from-home
flu,0.0,-0.012969288414997128,0.4447518349845023,0.12501390154686404,-0.08728342737267823,0.439660229636201,0.42058674790018474,0.3174910411356516,0.16079728499261486,0.2679820587131713,0.04581908595696889,-0.07443261413707931,0.5286562214068004,-0.1724077910143031,0.15427932282069914
cough,-0.012969288414997128,0.0,0.06711539065522902,0.18846761057778344,0.059684794132910356,0.19268517250115982,0.08887077677963776,-0.0871647540463112,0.11500706435581513,0.41983040272837974,0.08164026316990186,-0.025392688519082825,0.03624150796877531,-0.03648619453239553,0.0692658510078822
fever,0.4447518349845023,0.06711539065522902,0.0,0.4646361993912239,0.05671142002592168,0.618672059161062,0.35576254990703815,0.22770182468943156,0.15014034820732802,0.15986811111182436,-0.029640218601311694,-0.20619773769938515,0.4908044966749931,-0.07762269546615995,0.009368053308461107
headache,0.12501390154686404,0.18846761057778344,0.4646361993912239,0.0,0.058378500075552585,0.5128147125886727,0.10251618102432865,-0.0077318140218353305,-0.16058388963198858,0.0852947458906159,-0.03524764761624464,-0.12289611184397838,-0.026763826076819756,-0.26323699555216606,-0.024659112024814887
lagnat,-0.08728342737267823,0.059684794132910356,0.05671142002592168,0.058378500075552585,0.0,0.2477945908812115,0.1543824632311301,0.2735405936071062,-0.05027961893265988,0.11494810879207322,-0.11528451459704574,-0.2403961268949881,-0.03152208686950589,-0.10598197449039513,-3.330934522414238e-05
rashes,0.439660229636201,0.19268517250115982,0.618672059161062,0.5128147125886727,0.2477945908812115,0.0,0.37968945260312803,0.018544134818516796,-0.12769474213094953,0.4720581696560082,-0.2157347840165547,-0.28679006896834486,0.36169245403788636,0.0135199952220047,0.33767806481409074
sipon,0.42058674790018474,0.08887077677963776,0.35576254990703815,0.10251618102432865,0.1543824632311301,0.37968945260312803,0.0,0.513302676152699,0.3498585726144939,0.025891919436711514,0.014143097709441197,-0.18135699626468088,0.40806324259240184,-0.30379565073332726,-0.3333434585972426
ubo,0.3174910411356516,-0.0871647540463112,0.22770182468943156,-0.0077318140218353305,0.2735405936071062,0.018544134818516796,0.513302676152699,0.0,0.3337154738101465,-0.22998293084804639,-0.2024535320491401,-0.08642296541282964,0.25607169547116715,-0.40062213709757183,-0.2830790259243102
ecq,0.16079728499261486,0.11500706435581513,0.15014034820732802,-0.16058388963198858,-0.05027961893265988,-0.12769474213094953,0.3498585726144939,0.3337154738101465,0.0,-0.20851367356521333,0.4495454938787999,0.22463247927025318,0.5308420054218063,-0.02477839809542594,-0.40053073861646843
face-shield,0.2679820587131713,0.41983040272837974,0.15986811111182436,0.0852947458906159,0.11494810879207322,0.4720581696560082,0.025891919436711514,-0.22998293084804639,-0.20851367356521333,0.0,-0.20236444319964603,-0.29309799666294833,0.2854480947955261,0.04334471465062676,0.3213551905929232
Frontliners,0.04581908595696889,0.08164026316990186,-0.029640218601311694,-0.03524764761624464,-0.11528451459704574,-0.2157347840165547,0.014143097709441197,-0.2024535320491401,0.4495454938787999,-0.20236444319964603,0.0,0.401795339376754,0.14218423458117074,0.10296175291048264,0.007755715740630416
masks,-0.07443261413707931,-0.025392688519082825,-0.20619773769938515,-0.12289611184397838,-0.2403961268949881,-0.28679006896834486,-0.18135699626468088,-0.08642296541282964,0.22463247927025318,-0.29309799666294833,0.401795339376754,0.0,0.15205325670003064,0.1888238971558588,-0.14225137385622022
Quarantine,0.5286562214068004,0.03624150796877531,0.4908044966749931,-0.026763826076819756,-0.03152208686950589,0.36169245403788636,0.40806324259240184,0.25607169547116715,0.5308420054218063,0.2854480947955261,0.14218423458117074,0.15205325670003064,0.0,-0.1638473809256479,-0.12722939346673595
social-distancing,-0.1724077910143031,-0.03648619453239553,-0.07762269546615995,-0.26323699555216606,-0.10598197449039513,0.0135199952220047,-0.30379565073332726,-0.40062213709757183,-0.02477839809542594,0.04334471465062676,0.10296175291048264,0.1888238971558588,-0.1638473809256479,0.0,0.2605216365369176
work-from-home,0.15427932282069914,0.0692658510078822,0.009368053308461107,-0.024659112024814887,-3.330934522414238e-05,0.33767806481409074,-0.3333434585972426,-0.2830790259243102,-0.40053073861646843,0.3213551905929232,0.007755715740630416,-0.14225137385622022,-0.12722939346673595,0.2605216365369176,0.0
