,flu,cough,fever,headache,lagnat,rashes,sipon,ubo,ecq,face-shield,Frontliners,masks,Quarantine,social-distancing,work-from-home
flu,0.0,-0.016119549444752808,0.48596454285888985,0.14006717820626235,-0.1045928048334401,0.4463352242398088,0.420708701300175,0.2944763688703895,0.16931533126813333,0.2819918681238052,0.04675313149095188,-0.09205405839872376,0.5363269895801853,-0.19154043966921497,0.1266248798475285
cough,-0.016119549444752808,0.0,-0.016273451322704725,0.15136990586442706,0.03286141526609645,0.1445778729726003,0.05342445528849737,-0.07285099363028508,0.12300679773564543,0.38520440525854993,0.1281511397888525,-0.039562760131751196,0.009597121152647811,-0.09057523902610687,0.08861408042844655
fever,0.48596454285888985,-0.016273451322704725,0.0,0.4507284084661141,-0.030060126092919318,0.5569362279821101,0.357645525978433,0.23846639616802526,0.1930229652122512,0.10510501303806237,0.05303482370609739,-0.2838069211013558,0.49704224996174023,-0.22107593309542992,0.007106054393578787
headache,0.14006717820626235,0.15136990586442706,0.4507284084661141,0.0,-0.012070257715130287,0.4603340525395565,0.15602991453413442,-0.03916749742347655,-0.12743941769763006,0.08326453278840452,-0.002916724006212193,-0.1814860442433236,-0.01357223682048776,-0.3490570851375467,-0.06623557183498632
lagnat,-0.1045928048334401,0.03286141526609645,-0.030060126092919318,-0.012070257715130287,0.0,0.22791528755438953,0.04291818838623749,0.3147105680651606,-0.06752073707031366,0.0477406118901199,-0.08225157026449983,-0.1993405184343303,-0.08199810485060527,-0.11234897960718997,0.06677276017124575
rashes,0.4463352242398088,0.1445778729726003,0.5569362279821101,0.4603340525395565,0.22791528755438953,0.0,0.2987517829123642,0.05140924839609075,-0.12984572709281111,0.41748412264020335,-0.16640681156833237,-0.2988086894360248,0.32535233999115154,-0.05092869436228761,0.3841744970315121
sipon,0.420708701300175,0.05342445528849737,0.357645525978433,0.15602991453413442,0.04291818838623749,0.2987517829123642,0.0,0.3962124172815682,0.3725022444573254,0.0657106703901556,0.03104080968998505,-0.26256419432254924,0.42542975845332076,-0.38460733615099385,-0.39490437230018
ubo,0.2944763688703895,-0.07285099363028508,0.23846639616802526,-0.03916749742347655,0.3147105680651606,0.05140924839609075,0.3962124172815682,0.0,0.30076888460684037,-0.24945433394339514,-0.21096539278213455,-0.034201537934279456,0.22467285399327966,-0.3542920310811336,-0.22007202625303923
ecq,0.16931533126813333,0.12300679773564543,0.1930229652122512,-0.12743941769763006,-0.06752073707031366,-0.12984572709281111,0.3725022444573254,0.30076888460684037,0.0,-0.18096462862122045,0.4461665303315555,0.19597850542605585,0.5478721784441017,-0.03396427727367513,-0.4188455868378039
face-shield,0.2819918681238052,0.38520440525854993,0.10510501303806237,0.08326453278840452,0.0477406118901199,0.41748412264020335,0.0657106703901556,-0.24945433394339514,-0.18096462862122045,0.0,-0.16693060722661468,-0.3456775186344632,0.28807499299705164,-0.040891327192905835,0.284277161722538
Frontliners,0.04675313149095188,0.1281511397888525,0.05303482370609739,-0.002916724006212193,-0.08225157026449983,-0.16640681156833237,0.03104080968998505,-0.21096539278213455,0.4461665303315555,-0.16693060722661468,0.0,0.4229469361574645,0.16611525097451643,0.16532511586669418,-0.0037163951132334707
masks,-0.09205405839872376,-0.039562760131751196,-0.2838069211013558,-0.1814860442433236,-0.1993405184343303,-0.2988086894360248,-0.26256419432254924,-0.034201537934279456,0.19597850542605585,-0.3456775186344632,0.4229469361574645,0.0,0.10158624179972468,0.20308545089918206,-0.06795929812382867
Quarantine,0.5363269895801853,0.009597121152647811,0.49704224996174023,-0.01357223682048776,-0.08199810485060527,0.32535233999115154,0.42542975845332076,0.22467285399327966,0.5478721784441017,0.28807499299705164,0.16611525097451643,0.10158624179972468,0.0,-0.22494567392215284,-0.15629068983537822
social-distancing,-0.19154043966921497,-0.09057523902610687,-0.22107593309542992,-0.3490570851375467,-0.11234897960718997,-0.05092869436228761,-0.38460733615099385,-0.3542920310811336,-0.03396427727367513,-0.040891327192905835,0.16532511586669418,0.20308545089918206,-0.22494567392215284,0.0,0.3224173767034292
work-from-home,0.1266248798475285,0.08861408042844655,0.007106054393578787,-0.06623557183498632,0.06677276017124575,0.3841744970315121,-0.39490437230018,-0.22007202625303923,-0.4188455868378039,0.284277161722538,-0.0037163951132334707,-0.06795929812382867,-0.15629068983537822,0.3224173767034292,0.0
