,flu,cough,fever,headache,lagnat,rashes,sipon,ubo,ecq,face-shield,Frontliners,masks,Quarantine,social-distancing,work-from-home
flu,0.0,0.6901685425634669,0.7321813445528704,-0.11462932903783538,0.40343714119620816,-0.1570540664825785,0.6067029745292638,0.49190531890785694,-0.5379155156991239,-0.4172444753311877,-0.6503024983879302,-0.32331051517401754,0.9168797787054108,0.8985761101465986,0.7458614177183196
cough,0.6901685425634669,0.0,0.8476327624663406,-0.054714118784629034,0.6347118784171225,0.06036385438088902,0.6023707197642013,0.7123758567766285,-0.750022827271001,-0.09038030773358022,-0.49128231990595556,-0.39731701797066843,0.597790336321718,0.6900806266043008,0.5935527806803372
fever,0.7321813445528704,0.8476327624663406,0.0,-0.1906521134286641,0.660857290634757,-0.20904444278635056,0.6673204337605607,0.7217978758893191,-0.7521248269231675,-0.3178317702345069,-0.6883809222054403,-0.529327527660436,0.6431562280555656,0.7990825686022955,0.6806364812521071
headache,-0.11462932903783538,-0.054714118784629034,-0.1906521134286641,0.0,0.0490552589524603,0.44765257493085103,-0.05363481814551426,-0.03959580839523828,0.09262955136224008,0.14568737603151438,0.31327724532195855,0.20724512434255657,-0.1136520025391626,-0.2155196780188505,-0.3523314777537058
lagnat,0.40343714119620816,0.6347118784171225,0.660857290634757,0.0490552589524603,0.0,-0.071506360728025,0.5196817881853408,0.5780499732733616,-0.4488333289610173,-0.353645036182579,-0.2914678650667231,-0.10955311771642089,0.44573389151391124,0.472238592871098,0.4062778072741866
rashes,-0.1570540664825785,0.06036385438088902,-0.20904444278635056,0.44765257493085103,-0.071506360728025,0.0,-0.061897921846954154,0.06721953722637676,0.0726308854949298,0.4309824854471837,0.2794550540983752,0.028207698914500746,-0.15409343261704492,-0.125115417732883,-0.12016515429075983
sipon,0.6067029745292638,0.6023707197642013,0.6673204337605607,-0.05363481814551426,0.5196817881853408,-0.061897921846954154,0.0,0.5314487179492426,-0.5488992583072212,-0.30912881247821794,-0.37639888391170345,-0.43590217068240344,0.5670686872440842,0.672024729882587,0.5330034282973747
ubo,0.49190531890785694,0.7123758567766285,0.7217978758893191,-0.03959580839523828,0.5780499732733616,0.06721953722637676,0.5314487179492426,0.0,-0.6558942869521669,-0.1327773771191708,-0.4222567216287554,-0.3978812933754874,0.42104786019574797,0.5734968745099824,0.5122361165170226
ecq,-0.5379155156991239,-0.750022827271001,-0.7521248269231675,0.09262955136224008,-0.4488333289610173,0.0726308854949298,-0.5488992583072212,-0.6558942869521669,0.0,0.25614136682146527,0.49349342809889135,0.4449732412882785,-0.29631369036499106,-0.5239843171376383,-0.40159003503883617
face-shield,-0.4172444753311877,-0.09038030773358022,-0.3178317702345069,0.14568737603151438,-0.353645036182579,0.4309824854471837,-0.30912881247821794,-0.1327773771191708,0.25614136682146527,0.0,0.447717000742502,0.07043644566924037,-0.34957061068289336,-0.31469262760010885,-0.2979485154674118
Frontliners,-0.6503024983879302,-0.49128231990595556,-0.6883809222054403,0.31327724532195855,-0.2914678650667231,0.2794550540983752,-0.37639888391170345,-0.4222567216287554,0.49349342809889135,0.447717000742502,0.0,0.5355970579016788,-0.4529035560908456,-0.646145220580513,-0.5626959654652662
masks,-0.32331051517401754,-0.39731701797066843,-0.529327527660436,0.20724512434255657,-0.10955311771642089,0.028207698914500746,-0.43590217068240344,-0.3978812933754874,0.4449732412882785,0.07043644566924037,0.5355970579016788,0.0,-0.19439557290689533,-0.46040750747376585,-0.444431073598837
Quarantine,0.9168797787054108,0.597790336321718,0.6431562280555656,-0.1136520025391626,0.44573389151391124,-0.15409343261704492,0.5670686872440842,0.42104786019574797,-0.29631369036499106,-0.34957061068289336,-0.4529035560908456,-0.19439557290689533,0.0,0.8632902688225838,0.7449841932200795
social-distancing,0.8985761101465986,0.6900806266043008,0.7990825686022955,-0.2155196780188505,0.472238592871098,-0.125115417732883,0.672024729882587,0.5734968745099824,-0.5239843171376383,-0.31469262760010885,-0.646145220580513,-0.46040750747376585,0.8632902688225838,0.0,0.8701055823305964
work-from-home,0.7458614177183196,0.5935527806803372,0.6806364812521071,-0.3523314777537058,0.4062778072741866,-0.12016515429075983,0.5330034282973747,0.5122361165170226,-0.40159003503883617,-0.2979485154674118,-0.5626959654652662,-0.444431073598837,0.7449841932200795,0.8701055823305964,0.0
