,flu,cough,fever,headache,lagnat,rashes,sipon,ubo,ecq,face-shield,Frontliners,masks,Quarantine,social-distancing,work-from-home
flu,0.0,0.2382551059396949,-0.13470736537208777,-0.22560168867743619,-0.18584287747603662,0.09680458437972117,0.20170900072288678,0.25296982989842937,0.31804024599216896,0.27120157205767453,0.10572436816562336,-0.37729799978322226,0.2575379526735429,-0.14332565321926258,0.17295877106079743
cough,0.2382551059396949,0.0,-0.3057498107008911,0.16019888662497253,-0.2572784051192334,-0.17165712892411972,-0.2892642025106119,-0.16770964423397292,-0.2302627470724906,0.10702406105851081,0.15073649207354442,-0.11225462958735827,0.15613427518109207,-0.08852234811559911,0.03476080529016479
fever,-0.13470736537208777,-0.3057498107008911,0.0,-0.15266483610223913,0.018677661765567715,0.13419548338559886,0.2501698762848629,-0.05646282269714843,-0.11086872786513612,-0.29886994948052037,-0.3196895559641917,0.103019847303579,-0.301681978087344,0.25341368771655115,-0.18946199377003875
headache,-0.22560168867743619,0.16019888662497253,-0.15266483610223913,0.0,-0.03850936727527186,0.039427529361092714,-0.08429275726407152,-0.06535064848464288,-0.32023783559052316,-0.096032094637288,-0.10999864962269622,-0.05225677392899183,-0.004971892518749102,0.03864549496712018,-0.13241314220260073
lagnat,-0.18584287747603662,-0.2572784051192334,0.018677661765567715,-0.03850936727527186,0.0,0.035428100906520675,0.07849116692089772,-0.058427715231940715,-0.1944855836311579,-0.3088177734519253,-0.32948936298183146,0.18001203668182125,-0.36707213321365234,0.16909915999565675,0.2633455986588867
rashes,0.09680458437972117,-0.17165712892411972,0.13419548338559886,0.039427529361092714,0.035428100906520675,0.0,0.60275372200532,-0.1625616736553099,-0.18261966129164767,-0.31601034528843674,-0.28386054206585243,-0.13371896379912177,-0.21334977738754218,0.28261763769603276,-0.20177326861136827
sipon,0.20170900072288678,-0.2892642025106119,0.2501698762848629,-0.08429275726407152,0.07849116692089772,0.60275372200532,0.0,-0.14320653350029366,-0.06908745910543708,-0.20866662044543108,-0.25345865880253093,-0.05825424254858262,-0.18820670696983163,0.06613749861582403,-0.2648498873930432
ubo,0.25296982989842937,-0.16770964423397292,-0.05646282269714843,-0.06535064848464288,-0.058427715231940715,-0.1625616736553099,-0.14320653350029366,0.0,0.6203772680162681,0.21639639038399297,0.2414636356185217,-0.023493527372698726,0.14839974721580734,-0.3498654520194213,0.16143851729094888
ecq,0.31804024599216896,-0.2302627470724906,-0.11086872786513612,-0.32023783559052316,-0.1944855836311579,-0.18261966129164767,-0.06908745910543708,0.6203772680162681,0.0,0.1768655258998348,0.4831771909398906,0.08464770786872684,0.41412944700422977,-0.14003127660693843,0.38749619330873963
face-shield,0.27120157205767453,0.10702406105851081,-0.29886994948052037,-0.096032094637288,-0.3088177734519253,-0.31601034528843674,-0.20866662044543108,0.21639639038399297,0.1768655258998348,0.0,0.6813813842678597,-0.33281143957186254,0.6390922026435638,-0.636589149647587,-0.15628193157896622
Frontliners,0.10572436816562336,0.15073649207354442,-0.3196895559641917,-0.10999864962269622,-0.32948936298183146,-0.28386054206585243,-0.25345865880253093,0.2414636356185217,0.4831771909398906,0.6813813842678597,0.0,-0.1467818359155721,0.8149292955573848,-0.5339078655978176,0.09407301116890866
masks,-0.37729799978322226,-0.11225462958735827,0.103019847303579,-0.05225677392899183,0.18001203668182125,-0.13371896379912177,-0.05825424254858262,-0.023493527372698726,0.08464770786872684,-0.33281143957186254,-0.1467818359155721,0.0,-0.01272153632765933,0.3275828863246317,0.2379454998811048
Quarantine,0.2575379526735429,0.15613427518109207,-0.301681978087344,-0.004971892518749102,-0.36707213321365234,-0.21334977738754218,-0.18820670696983163,0.14839974721580734,0.41412944700422977,0.6390922026435638,0.8149292955573848,-0.01272153632765933,0.0,-0.4414576443152328,0.11695231059405789
social-distancing,-0.14332565321926258,-0.08852234811559911,0.25341368771655115,0.03864549496712018,0.16909915999565675,0.28261763769603276,0.06613749861582403,-0.3498654520194213,-0.14003127660693843,-0.636589149647587,-0.5339078655978176,0.3275828863246317,-0.4414576443152328,0.0,0.20988900480373543
work-from-home,0.17295877106079743,0.03476080529016479,-0.18946199377003875,-0.13241314220260073,0.2633455986588867,-0.20177326861136827,-0.2648498873930432,0.16143851729094888,0.38749619330873963,-0.15628193157896622,0.09407301116890866,0.2379454998811048,0.11695231059405789,0.20988900480373543,0.0
