,flu,cough,fever,headache,lagnat,rashes,sipon,ubo,ecq,face-shield,Frontliners,masks,Quarantine,social-distancing,work-from-home
flu,0.0,0.3076743785911028,0.29477933110784577,-0.06462377355213678,0.4441811003893935,-0.1099614547868329,-0.04276099946074921,0.3412531930843493,0.3423883569162741,0.6973150106173432,-0.5469238361850524,0.4453376849220359,0.08291051251683587,0.05730307733883344,0.13693451877850613
cough,0.3076743785911028,0.0,-0.02691766796467749,-0.11678764855266564,0.06462846939288727,-0.001603530172354681,0.15523313067292038,0.10373933919912094,-0.11980098079656953,0.33683390276241765,-0.022474270049856127,0.08960526363090453,-0.1109738515531391,-0.3432605225271437,-0.22391375297345772
fever,0.29477933110784577,-0.02691766796467749,0.0,0.30378995668875636,0.13519845013091913,0.21497935949600944,-0.08176963293531024,0.20995538517933132,-0.1657134681710334,0.3123721130978434,-0.10273033617706012,-0.22588801983595955,-0.15355153743951622,0.00010058538313450169,-0.011981949248902798
headache,-0.06462377355213678,-0.11678764855266564,0.30378995668875636,0.0,-0.18260931992773127,0.16266977992046397,0.015446983299172575,-0.01790839667558727,-0.16117235118208248,-0.046233967639360024,0.3086445455580023,-0.096504467613205,-0.24079455858285873,0.2622267257775438,-0.1178867371385563
lagnat,0.4441811003893935,0.06462846939288727,0.13519845013091913,-0.18260931992773127,0.0,-0.22089507584283843,-0.003911279276675205,0.08444926501517051,0.018904584817595677,0.5782114714625025,-0.3042634486648678,0.23168853852034957,-0.21805998580731772,-0.10873613841776836,0.19700556033106228
rashes,-0.1099614547868329,-0.001603530172354681,0.21497935949600944,0.16266977992046397,-0.22089507584283843,0.0,0.04357244832830707,0.2954715309768475,-0.34492865168162135,-0.34949294151680793,0.0437424647337667,-0.3967749480464927,-0.19597867002255684,-0.014810822333373353,-0.4347398743545247
sipon,-0.04276099946074921,0.15523313067292038,-0.08176963293531024,0.015446983299172575,-0.003911279276675205,0.04357244832830707,0.0,0.029310061560073944,-0.031169369526386086,0.0348627568449377,0.004124692610105606,-0.2311408517417597,-0.151096298098944,-0.12228621427645765,-0.14623683803894907
ubo,0.3412531930843493,0.10373933919912094,0.20995538517933132,-0.01790839667558727,0.08444926501517051,0.2954715309768475,0.029310061560073944,0.0,-0.20056887455356104,0.09565397459566097,-0.3594444247220657,0.09647413926913401,-0.28196025769629735,-0.06096777683512257,0.16964742303642857
ecq,0.3423883569162741,-0.11980098079656953,-0.1657134681710334,-0.16117235118208248,0.018904584817595677,-0.34492865168162135,-0.031169369526386086,-0.20056887455356104,0.0,0.2628591779559827,-0.3133767303231781,0.18093109185032522,0.7859672875865947,-0.0777664410941012,0.30907595873142074
face-shield,0.6973150106173432,0.33683390276241765,0.3123721130978434,-0.046233967639360024,0.5782114714625025,-0.34949294151680793,0.0348627568449377,0.09565397459566097,0.2628591779559827,0.0,-0.542597756518587,0.34862877850955937,-0.07557861179164349,-0.09925589143894464,0.11996167732641079
Frontliners,-0.5469238361850524,-0.022474270049856127,-0.10273033617706012,0.3086445455580023,-0.3042634486648678,0.0437424647337667,0.004124692610105606,-0.3594444247220657,-0.3133767303231781,-0.542597756518587,0.0,-0.26177980298455583,0.04194639991778854,0.02859215328333404,-0.14726497435196134
masks,0.4453376849220359,0.08960526363090453,-0.22588801983595955,-0.096504467613205,0.23168853852034957,-0.3967749480464927,-0.2311408517417597,0.09647413926913401,0.18093109185032522,0.34862877850955937,-0.26177980298455583,0.0,0.08148699693167388,0.2931972982605447,0.268245955662875
Quarantine,0.08291051251683587,-0.1109738515531391,-0.15355153743951622,-0.24079455858285873,-0.21805998580731772,-0.19597867002255684,-0.151096298098944,-0.28196025769629735,0.7859672875865947,-0.07557861179164349,0.04194639991778854,0.08148699693167388,0.0,0.005727645690118164,0.18583413875088145
social-distancing,0.05730307733883344,-0.3432605225271437,0.00010058538313450169,0.2622267257775438,-0.10873613841776836,-0.014810822333373353,-0.12228621427645765,-0.06096777683512257,-0.0777664410941012,-0.09925589143894464,0.02859215328333404,0.2931972982605447,0.005727645690118164,0.0,0.02992308819727249
work-from-home,0.13693451877850613,-0.22391375297345772,-0.011981949248902798,-0.1178867371385563,0.19700556033106228,-0.4347398743545247,-0.14623683803894907,0.16964742303642857,0.30907595873142074,0.11996167732641079,-0.14726497435196134,0.268245955662875,0.18583413875088145,0.02992308819727249,0.0
