,flu,cough,fever,headache,lagnat,rashes,sipon,ubo,ecq,face-shield,Frontliners,masks,Quarantine,social-distancing,work-from-home
flu,0.0,-0.4055854044703756,0.07574588666517652,-0.09573983019174015,-0.21184174765281222,-0.189806734873635,-0.011503200370509302,0.14648634605238797,0.01614196995746099,-0.10488756125345723,-0.019778720490720526,-0.2481508013067277,0.18137493523609227,-0.04322093420744152,0.30137695432963824
cough,-0.4055854044703756,0.0,0.05355039632803033,0.24235891088796244,0.034490247531722376,0.09050035045516493,-0.2869476479731496,-0.2718685973851774,-0.1220417917668034,0.11620874671511265,-0.22587086723115782,0.10085001145059967,-0.2535872528365391,0.033524640018427365,-0.12193944000223213
fever,0.07574588666517652,0.05355039632803033,0.0,0.4379547150190447,0.16857988054164325,0.497426476371317,-0.10348381222618777,0.08433353804997325,-0.15370006624748211,-0.1907920309795825,-0.33787082404606256,0.08681129074480375,0.19702318188065923,0.2450678506538321,-0.08532088499117811
headache,-0.09573983019174015,0.24235891088796244,0.4379547150190447,0.0,0.03277768117931915,0.47902415339089166,-0.2263677979604234,-0.0534143197857047,-0.2888809374486162,0.07626575644374034,-0.20231440785655477,0.020870626037651576,-0.09902378447084319,-0.1534620624832293,-0.10331302711063531
lagnat,-0.21184174765281222,0.034490247531722376,0.16857988054164325,0.03277768117931915,0.0,0.25958623865460556,-0.10393449127513212,0.10685935453827704,-0.16281743451029926,0.02129101444370687,-0.11853162096759946,-0.01427746063986213,-0.23807883883329772,-0.008254623976233508,0.023078706662311328
rashes,-0.189806734873635,0.09050035045516493,0.497426476371317,0.47902415339089166,0.25958623865460556,0.0,-0.16718095546234435,-0.09572937579673682,-0.4658662291210501,0.32402432036535095,-0.2473840186311075,0.3100468796721658,0.0428844124944342,0.178193468648413,0.09493274886973666
sipon,-0.011503200370509302,-0.2869476479731496,-0.10348381222618777,-0.2263677979604234,-0.10393449127513212,-0.16718095546234435,0.0,0.15408448971656877,0.2900189154566595,-0.1426026861464826,0.1598479735926721,-0.39367551328892936,-0.07686491553523256,-0.12058750457973837,-0.06029917018330257
ubo,0.14648634605238797,-0.2718685973851774,0.08433353804997325,-0.0534143197857047,0.10685935453827704,-0.09572937579673682,0.15408448971656877,0.0,0.15284153989268676,-0.3692894274212303,-0.36604396769694303,-0.02081822198604825,-0.06494661391022015,0.012354579759038222,-0.2989127581164317
ecq,0.01614196995746099,-0.1220417917668034,-0.15370006624748211,-0.2888809374486162,-0.16281743451029926,-0.4658662291210501,0.2900189154566595,0.15284153989268676,0.0,-0.5288722462297956,0.4617855333295506,0.10940731524810313,0.37530969998134805,0.11541920855213084,-0.2585652650234
face-shield,-0.10488756125345723,0.11620874671511265,-0.1907920309795825,0.07626575644374034,0.02129101444370687,0.32402432036535095,-0.1426026861464826,-0.3692894274212303,-0.5288722462297956,0.0,-0.2474200506952232,-0.08329911233925494,0.03178634634567289,0.08742623243324513,0.11618605663103534
Frontliners,-0.019778720490720526,-0.22587086723115782,-0.33787082404606256,-0.20231440785655477,-0.11853162096759946,-0.2473840186311075,0.1598479735926721,-0.36604396769694303,0.4617855333295506,-0.2474200506952232,0.0,0.23362543809941425,0.18366386685053496,-0.06077239757132734,0.051816355395643596
masks,-0.2481508013067277,0.10085001145059967,0.08681129074480375,0.020870626037651576,-0.01427746063986213,0.3100468796721658,-0.39367551328892936,-0.02081822198604825,0.10940731524810313,-0.08329911233925494,0.23362543809941425,0.0,0.40132200960171016,0.17157708478881945,-0.14873773122068407
Quarantine,0.18137493523609227,-0.2535872528365391,0.19702318188065923,-0.09902378447084319,-0.23807883883329772,0.0428844124944342,-0.07686491553523256,-0.06494661391022015,0.37530969998134805,0.03178634634567289,0.18366386685053496,0.40132200960171016,0.0,0.09491557665891957,-0.014869045293386025
social-distancing,-0.04322093420744152,0.033524640018427365,0.2450678506538321,-0.1534620624832293,-0.008254623976233508,0.178193468648413,-0.12058750457973837,0.012354579759038222,0.11541920855213084,0.08742623243324513,-0.06077239757132734,0.17157708478881945,0.09491557665891957,0.0,0.26224137905404565
work-from-home,0.30137695432963824,-0.12193944000223213,-0.08532088499117811,-0.10331302711063531,0.023078706662311328,0.09493274886973666,-0.06029917018330257,-0.2989127581164317,-0.2585652650234,0.11618605663103534,0.051816355395643596,-0.14873773122068407,-0.014869045293386025,0.26224137905404565,0.0
