,flu,cough,fever,headache,lagnat,rashes,sipon,ubo,ecq,face-shield,Frontliners,masks,Quarantine,social-distancing,work-from-home
flu,0.0,-0.09830527634317889,0.07465035093347773,0.37158016135279015,0.22781856906789874,0.1602163208298763,-0.3112591407443687,-0.17401266308749272,-0.32524999672947574,-0.10742963641952885,-0.22693727312065906,-0.18076166064722882,-0.05823691837984585,-0.02226236124259595,-0.31084108545825434
cough,-0.09830527634317889,0.0,0.1013186921415441,0.18041624161468525,-0.13751567815355017,-0.23517086532523687,0.034822993152108926,-0.005998923084227686,-0.49026451771940005,-0.41093836712682974,-0.2972308698725806,-0.20044006865655528,-0.2848979476736648,-0.19968197458163112,-0.15512296747512158
fever,0.07465035093347773,0.1013186921415441,0.0,0.003707477378536921,-0.1479736260114797,0.026227240143452665,0.08607992250963543,0.013654614063293205,-0.07357721386585692,0.19002078672676953,0.3472378221423274,0.24665248759673122,0.3948896064128131,0.08079854053310444,0.12681413902202684
headache,0.37158016135279015,0.18041624161468525,0.003707477378536921,0.0,0.10127930279020554,0.25069251575402446,0.038903321542913656,-0.21673900542158447,-0.17897785937173125,-0.09867788792886381,-0.4106928953681043,-0.25362260233009215,-0.10588202435824333,-0.28861427657691874,-0.3181392243751418
lagnat,0.22781856906789874,-0.13751567815355017,-0.1479736260114797,0.10127930279020554,0.0,-0.015811090485409206,0.09967897220377038,0.3468776198714069,-0.11320792493254603,-0.06524858712134209,-0.0926088625997307,-0.08226181777987955,-0.023329500434901163,-0.03528495031911794,-0.09955353414447268
rashes,0.1602163208298763,-0.23517086532523687,0.026227240143452665,0.25069251575402446,-0.015811090485409206,0.0,0.2583854203272292,-0.22112165694367397,-0.05355965275549408,-0.024220426937206784,-0.11432033325511916,-0.44317128805613487,-0.2457671943325323,-0.14315224195198553,0.12464008846659566
sipon,-0.3112591407443687,0.034822993152108926,0.08607992250963543,0.038903321542913656,0.09967897220377038,0.2583854203272292,0.0,0.3203296592922273,-0.12134857082487394,-0.005386569460998834,-0.14575137773732652,0.01927802923710458,-0.03245588758169319,0.011142262813368352,0.18370596868243036
ubo,-0.17401266308749272,-0.005998923084227686,0.013654614063293205,-0.21673900542158447,0.3468776198714069,-0.22112165694367397,0.3203296592922273,0.0,-0.2839862216062205,0.2625274097996858,-0.18364850293829854,0.2953275756230633,0.1164184489943173,-0.1032049785900861,0.16304698206053234
ecq,-0.32524999672947574,-0.49026451771940005,-0.07357721386585692,-0.17897785937173125,-0.11320792493254603,-0.05355965275549408,-0.12134857082487394,-0.2839862216062205,0.0,0.3292663817365771,0.5955778027196614,0.36658305944400943,0.49673087854959946,0.35436689474865335,0.43569294045621076
face-shield,-0.10742963641952885,-0.41093836712682974,0.19002078672676953,-0.09867788792886381,-0.06524858712134209,-0.024220426937206784,-0.005386569460998834,0.2625274097996858,0.3292663817365771,0.0,0.4416121572875995,0.42378571131161147,0.43517495035690307,0.173830775844029,0.33520982610035066
Frontliners,-0.22693727312065906,-0.2972308698725806,0.3472378221423274,-0.4106928953681043,-0.0926088625997307,-0.11432033325511916,-0.14575137773732652,-0.18364850293829854,0.5955778027196614,0.4416121572875995,0.0,0.4556629644857797,0.4579675066580014,0.4439944677436903,0.3604936020106422
masks,-0.18076166064722882,-0.20044006865655528,0.24665248759673122,-0.25362260233009215,-0.08226181777987955,-0.44317128805613487,0.01927802923710458,0.2953275756230633,0.36658305944400943,0.42378571131161147,0.4556629644857797,0.0,0.40638671646414254,0.09772147081671856,0.14447108267049127
Quarantine,-0.05823691837984585,-0.2848979476736648,0.3948896064128131,-0.10588202435824333,-0.023329500434901163,-0.2457671943325323,-0.03245588758169319,0.1164184489943173,0.49673087854959946,0.43517495035690307,0.4579675066580014,0.40638671646414254,0.0,0.3862416314907516,0.29503277199405714
social-distancing,-0.02226236124259595,-0.19968197458163112,0.08079854053310444,-0.28861427657691874,-0.03528495031911794,-0.14315224195198553,0.011142262813368352,-0.1032049785900861,0.35436689474865335,0.173830775844029,0.4439944677436903,0.09772147081671856,0.3862416314907516,0.0,0.1631960932361679
work-from-home,-0.31084108545825434,-0.15512296747512158,0.12681413902202684,-0.3181392243751418,-0.09955353414447268,0.12464008846659566,0.18370596868243036,0.16304698206053234,0.43569294045621076,0.33520982610035066,0.3604936020106422,0.14447108267049127,0.29503277199405714,0.1631960932361679,0.0
