,flu,cough,fever,headache,lagnat,rashes,sipon,ubo,ecq,face-shield,Frontliners,masks,Quarantine,social-distancing,work-from-home
flu,0.0,-0.15196717695244635,-0.08888788579359391,0.3053803934480073,0.050881579232583025,0.12079017356047037,-0.2663442155650347,0.17274221091213812,-0.01903854871410585,0.21008880748555994,-0.003974439989918399,-0.033176511735982156,0.16237793374871126,0.05350246671909528,-0.11333922050154527
cough,-0.15196717695244635,0.0,0.008122843502957486,-0.1770675864737021,0.10546473537993528,-0.19532764081390364,0.04853141987036512,-0.18646542675104935,-0.16810501068681336,-0.37535302326732545,-0.11757051009189536,-0.1451777190499478,-0.1733397538657319,-0.34561902323273636,-0.06359168429940742
fever,-0.08888788579359391,0.008122843502957486,0.0,-0.012629794204431546,-0.002059631631505789,-0.1586299531917063,-0.42035796175442197,-0.14530273407594188,-0.08496788899601687,0.2343526740219776,0.27154082854081174,0.12785713125658318,0.09531152171789849,0.05185138471041491,-0.039562943771943915
headache,0.3053803934480073,-0.1770675864737021,-0.012629794204431546,0.0,0.19471410745039164,-0.07631927075737459,-0.05783572732569328,0.10917131300051731,-0.09171909839450036,0.16040196936716186,-0.26719389440252134,0.16849398527476678,0.3892560117546426,-0.30162685679773765,-0.24664319368020562
lagnat,0.050881579232583025,0.10546473537993528,-0.002059631631505789,0.19471410745039164,0.0,0.23021748589688143,0.34575550463620003,0.27236466245014773,-0.37230563472242956,0.013372127241851621,-0.10553396545464509,0.19549152615371473,0.001988516448457827,-0.3027719735192524,-0.2871684597354326
rashes,0.12079017356047037,-0.19532764081390364,-0.1586299531917063,-0.07631927075737459,0.23021748589688143,0.0,0.09433567405257756,0.19562994591761385,0.02854061084594294,0.26850826304465464,-0.01045267995971568,-0.29213413201238053,-0.3100866922625991,0.06933131386633477,-0.05963889104374384
sipon,-0.2663442155650347,0.04853141987036512,-0.42035796175442197,-0.05783572732569328,0.34575550463620003,0.09433567405257756,0.0,0.14035506682425494,-0.043847424020808656,-0.4299327013714824,-0.4115566479328421,0.1098252637557104,-0.15454135605893501,-0.03033899972803021,-0.04045520794211215
ubo,0.17274221091213812,-0.18646542675104935,-0.14530273407594188,0.10917131300051731,0.27236466245014773,0.19562994591761385,0.14035506682425494,0.0,-0.1625020327495261,0.2956363900584845,-0.15028349952668665,0.07511783980791482,0.2016078109306741,-0.16841867333716745,0.2661645662050151
ecq,-0.01903854871410585,-0.16810501068681336,-0.08496788899601687,-0.09171909839450036,-0.37230563472242956,0.02854061084594294,-0.043847424020808656,-0.1625020327495261,0.0,0.11850960353814542,0.5416561635492827,0.14116544506770104,0.13250131732838044,0.3365293467547265,0.42518489892467937
face-shield,0.21008880748555994,-0.37535302326732545,0.2343526740219776,0.16040196936716186,0.013372127241851621,0.26850826304465464,-0.4299327013714824,0.2956363900584845,0.11850960353814542,0.0,0.39013070032178854,-0.0487614079510076,0.1666792514306697,0.16017369512682297,0.14789592599182866
Frontliners,-0.003974439989918399,-0.11757051009189536,0.27154082854081174,-0.26719389440252134,-0.10553396545464509,-0.01045267995971568,-0.4115566479328421,-0.15028349952668665,0.5416561635492827,0.39013070032178854,0.0,0.22526588463179142,0.27841361466568465,0.29062912294663434,0.15187336866567736
masks,-0.033176511735982156,-0.1451777190499478,0.12785713125658318,0.16849398527476678,0.19549152615371473,-0.29213413201238053,0.1098252637557104,0.07511783980791482,0.14116544506770104,-0.0487614079510076,0.22526588463179142,0.0,0.5114958124375074,-0.17753673228888053,0.03298047223508135
Quarantine,0.16237793374871126,-0.1733397538657319,0.09531152171789849,0.3892560117546426,0.001988516448457827,-0.3100866922625991,-0.15454135605893501,0.2016078109306741,0.13250131732838044,0.1666792514306697,0.27841361466568465,0.5114958124375074,0.0,-0.005864785995023548,0.2427356636516826
social-distancing,0.05350246671909528,-0.34561902323273636,0.05185138471041491,-0.30162685679773765,-0.3027719735192524,0.06933131386633477,-0.03033899972803021,-0.16841867333716745,0.3365293467547265,0.16017369512682297,0.29062912294663434,-0.17753673228888053,-0.005864785995023548,0.0,0.19199324518603214
work-from-home,-0.11333922050154527,-0.06359168429940742,-0.039562943771943915,-0.24664319368020562,-0.2871684597354326,-0.05963889104374384,-0.04045520794211215,0.2661645662050151,0.42518489892467937,0.14789592599182866,0.15187336866567736,0.03298047223508135,0.2427356636516826,0.19199324518603214,0.0
