,flu,cough,fever,headache,lagnat,rashes,sipon,ubo,ecq,face-shield,Frontliners,masks,Quarantine,social-distancing,work-from-home
flu,0.0,0.06225823325113162,-0.1182511150050397,0.24932082413715453,0.0896688135533662,0.2817459590110465,-0.1379104302897914,0.21071570379162566,0.14067800400689512,0.025257205892526197,0.1384707759546034,-0.06184236203442955,0.13401630042262683,0.15801287497126792,-0.0010619605587172242
cough,0.06225823325113162,0.0,-0.13356710549533607,-0.20419514604186445,-0.10440574963910798,-0.21370994686583655,-0.010585817442523024,-0.31824173007208423,0.2619947332386926,-0.32746292557500317,0.12539868180305538,0.06839532175593091,0.1612655234033325,-0.3725197108753484,-0.0025069104679672047
fever,-0.1182511150050397,-0.13356710549533607,0.0,0.17169571293527497,0.05425480411546608,0.017066436500485335,-0.33611976150801326,-0.07143123930972856,-0.4045381201201159,0.23581529002445373,0.1420541396215075,0.10003678943187985,-0.1318610134134727,-0.053595954110153964,-0.16127658645722445
headache,0.24932082413715453,-0.20419514604186445,0.17169571293527497,0.0,0.20442275998211853,0.1532671458683323,0.027597665252452493,0.1517009907393367,-0.03127750793904459,0.1694373820592033,-0.23037679078350223,0.22544721354314026,0.21138244084503924,-0.3035008643865931,-0.1977600982418771
lagnat,0.0896688135533662,-0.10440574963910798,0.05425480411546608,0.20442275998211853,0.0,0.39261700786069703,0.3087074661116562,0.1811855623111736,-0.2503711882478464,0.013784260275180968,0.03155885551794791,0.36877225970049843,-0.026949351995428923,-0.28435942711355405,-0.38670511518829
rashes,0.2817459590110465,-0.21370994686583655,0.017066436500485335,0.1532671458683323,0.39261700786069703,0.0,0.2651606410411267,0.42740585540766873,-0.039275668088485274,0.1812830699920194,-0.0615299176244441,-0.1552917265986935,-0.2979271761416134,-0.014382394253002253,-0.11342353052903185
sipon,-0.1379104302897914,-0.010585817442523024,-0.33611976150801326,0.027597665252452493,0.3087074661116562,0.2651606410411267,0.0,0.23817849919162998,0.05701164900570849,-0.40504858667405175,-0.39564314283683677,0.2060238342597264,-0.1150543520668904,-0.015447218070709298,-0.10334699057753803
ubo,0.21071570379162566,-0.31824173007208423,-0.07143123930972856,0.1517009907393367,0.1811855623111736,0.42740585540766873,0.23817849919162998,0.0,0.17576173785937818,0.2703289568390436,0.04966970169693045,0.2567215255296826,0.25840775386387865,-0.02501692553250566,0.27985766684072827
ecq,0.14067800400689512,0.2619947332386926,-0.4045381201201159,-0.03127750793904459,-0.2503711882478464,-0.039275668088485274,0.05701164900570849,0.17576173785937818,0.0,0.023532104105474683,0.468049585314959,0.07671267440495996,0.4267698067456458,0.16745547534366068,0.456887618234841
face-shield,0.025257205892526197,-0.32746292557500317,0.23581529002445373,0.1694373820592033,0.013784260275180968,0.1812830699920194,-0.40504858667405175,0.2703289568390436,0.023532104105474683,0.0,0.27820524070017366,-0.022092997131702406,0.1404507271110801,0.0810360817949214,0.0858546364982696
Frontliners,0.1384707759546034,0.12539868180305538,0.1420541396215075,-0.23037679078350223,0.03155885551794791,-0.0615299176244441,-0.39564314283683677,0.04966970169693045,0.468049585314959,0.27820524070017366,0.0,0.13720552446783227,0.3773099765442621,0.15782002702694348,0.22706239619371124
masks,-0.06184236203442955,0.06839532175593091,0.10003678943187985,0.22544721354314026,0.36877225970049843,-0.1552917265986935,0.2060238342597264,0.2567215255296826,0.07671267440495996,-0.022092997131702406,0.13720552446783227,0.0,0.4825317626745733,-0.2152850466243103,0.14001849912737524
Quarantine,0.13401630042262683,0.1612655234033325,-0.1318610134134727,0.21138244084503924,-0.026949351995428923,-0.2979271761416134,-0.1150543520668904,0.25840775386387865,0.4267698067456458,0.1404507271110801,0.3773099765442621,0.4825317626745733,0.0,-0.0278230149650963,0.324036434484199
social-distancing,0.15801287497126792,-0.3725197108753484,-0.053595954110153964,-0.3035008643865931,-0.28435942711355405,-0.014382394253002253,-0.015447218070709298,-0.02501692553250566,0.16745547534366068,0.0810360817949214,0.15782002702694348,-0.2152850466243103,-0.0278230149650963,0.0,0.22358360912685263
work-from-home,-0.0010619605587172242,-0.0025069104679672047,-0.16127658645722445,-0.1977600982418771,-0.38670511518829,-0.11342353052903185,-0.10334699057753803,0.27985766684072827,0.456887618234841,0.0858546364982696,0.22706239619371124,0.14001849912737524,0.324036434484199,0.22358360912685263,0.0
