,flu,cough,fever,headache,lagnat,rashes,sipon,ubo,ecq,face-shield,Frontliners,masks,Quarantine,social-distancing,work-from-home
flu,0.0,0.4365546463518373,0.2968309523203848,0.33047428405973056,0.19097534311370537,-0.5812520344589804,0.1190046948993879,0.008884933586106652,-0.6198830188346687,0.5757835322370854,-0.4391711004446601,0.306259388949374,-0.3730584826679143,0.2670377288691572,0.46424094598388904
cough,0.4365546463518373,0.0,0.6629622686239033,0.35660136120057917,0.21242884721234903,-0.459953110248889,0.07197180407217531,-0.04659055752264389,-0.6864679330171509,0.36103635647250204,-0.5350002727563615,0.45393301238769845,-0.42288083401528054,-0.22027943214399565,0.45104255149386974
fever,0.2968309523203848,0.6629622686239033,0.0,0.1604956683515972,0.25853674810170135,-0.18391215685342532,-0.13592179642410526,-0.1303201532757758,-0.6544802301075562,0.3406028719902387,-0.4221311130233082,0.49311459386558126,-0.5258572400523617,-0.19330639830783725,0.28919062651287714
headache,0.33047428405973056,0.35660136120057917,0.1604956683515972,0.0,-0.03183655920537135,-0.2983555712679218,0.0034677110359995506,0.02519494501457138,-0.35542732740327965,0.2587152562116331,-0.14262472306516358,0.12348579563801944,-0.3916975165343889,-0.018590087282313008,0.2927139302266853
lagnat,0.19097534311370537,0.21242884721234903,0.25853674810170135,-0.03183655920537135,0.0,-0.057202337301423524,0.14348199383623095,-0.2434004726487492,-0.27017450110404945,0.2172017644497205,-0.22065673319010287,0.2419507652184649,-0.1861477534291972,-0.31129040583224377,-0.27431984024392364
rashes,-0.5812520344589804,-0.459953110248889,-0.18391215685342532,-0.2983555712679218,-0.057202337301423524,0.0,-0.012423317213375156,0.24446043958817262,0.6305964812620729,-0.16606147841092833,0.4402225020248581,-0.18376248614021357,0.44945887627744396,0.030680314676366928,-0.4511500832538765
sipon,0.1190046948993879,0.07197180407217531,-0.13592179642410526,0.0034677110359995506,0.14348199383623095,-0.012423317213375156,0.0,-0.06686591906968574,-0.007899507927566168,0.12893912553125492,-0.2373324792194598,0.12909213275610107,0.18006215038351828,0.0005181558236274858,0.07136671798332796
ubo,0.008884933586106652,-0.04659055752264389,-0.1303201532757758,0.02519494501457138,-0.2434004726487492,0.24446043958817262,-0.06686591906968574,0.0,0.07610757328186245,0.3208907821618643,0.0807034111518906,0.03806006599781496,-0.0587347792311664,0.3661495759047139,0.1032081772383002
ecq,-0.6198830188346687,-0.6864679330171509,-0.6544802301075562,-0.35542732740327965,-0.27017450110404945,0.6305964812620729,-0.007899507927566168,0.07610757328186245,0.0,-0.5233504353274583,0.7090839332842993,-0.5032312628039393,0.7806153069960985,0.17486356556400595,-0.4904655290530041
face-shield,0.5757835322370854,0.36103635647250204,0.3406028719902387,0.2587152562116331,0.2172017644497205,-0.16606147841092833,0.12893912553125492,0.3208907821618643,-0.5233504353274583,0.0,-0.19705649517130588,0.4287150977538118,-0.4415633700249205,0.26901973772788007,0.44271128302546
Frontliners,-0.4391711004446601,-0.5350002727563615,-0.4221311130233082,-0.14262472306516358,-0.22065673319010287,0.4402225020248581,-0.2373324792194598,0.0807034111518906,0.7090839332842993,-0.19705649517130588,0.0,-0.3039581394277366,0.3673256795399126,0.2976748696591823,-0.28070844422896124
masks,0.306259388949374,0.45393301238769845,0.49311459386558126,0.12348579563801944,0.2419507652184649,-0.18376248614021357,0.12909213275610107,0.03806006599781496,-0.5032312628039393,0.4287150977538118,-0.3039581394277366,0.0,-0.2958394938883163,-0.026012662690344433,0.3534492053710926
Quarantine,-0.3730584826679143,-0.42288083401528054,-0.5258572400523617,-0.3916975165343889,-0.1861477534291972,0.44945887627744396,0.18006215038351828,-0.0587347792311664,0.7806153069960985,-0.4415633700249205,0.3673256795399126,-0.2958394938883163,0.0,0.12392961664674897,-0.31937380859091824
social-distancing,0.2670377288691572,-0.22027943214399565,-0.19330639830783725,-0.018590087282313008,-0.31129040583224377,0.030680314676366928,0.0005181558236274858,0.3661495759047139,0.17486356556400595,0.26901973772788007,0.2976748696591823,-0.026012662690344433,0.12392961664674897,0.0,0.10336749922676532
work-from-home,0.46424094598388904,0.45104255149386974,0.28919062651287714,0.2927139302266853,-0.27431984024392364,-0.4511500832538765,0.07136671798332796,0.1032081772383002,-0.4904655290530041,0.44271128302546,-0.28070844422896124,0.3534492053710926,-0.31937380859091824,0.10336749922676532,0.0
