,flu,cough,fever,headache,lagnat,rashes,sipon,ubo,ecq,face-shield,Frontliners,masks,Quarantine,social-distancing,work-from-home
flu,0.0,0.042719838684374734,0.1758785967614155,0.019360128046549404,0.42419842165416666,0.04899939085589405,-0.039551019368410725,0.35936807751737565,0.3958638783972137,0.5319927947938097,-0.5243840642025526,0.379501640712005,0.11075159039360646,0.08615651806299593,0.05420153327080692
cough,0.042719838684374734,0.0,-0.2335115864527631,0.03572846847004647,-0.08379276388208812,0.20643738464831893,0.21647511215194254,0.003469478365406504,-0.08621757689129901,-0.07041296953951709,-0.010165793008819935,-0.20222315246564385,-0.06623759456501091,-0.28859730734887085,-0.4156121763675666
fever,0.1758785967614155,-0.2335115864527631,0.0,0.2997350832071803,0.1568566207370204,0.3968954106103311,-0.0798534814341911,0.20643396274168718,-0.1907439838295174,0.1751423190697842,0.05299217722944333,-0.2497636740673483,-0.1606965491520391,-0.03320961663523247,-0.06289409343069878
headache,0.019360128046549404,0.03572846847004647,0.2997350832071803,0.0,-0.059926208242214146,0.21821481813450092,0.022603568246878283,-0.01718138785293786,-0.15102994532844172,0.03168869888185946,0.37383733147078246,-0.1553850489844725,-0.24595616399918932,0.2078056932640246,-0.09987323658576339
lagnat,0.42419842165416666,-0.08379276388208812,0.1568566207370204,-0.059926208242214146,0.0,-0.2578943090828483,-0.03264498029402963,0.1299325359850227,0.05583850442972692,0.55743389220179,-0.36582062412234195,0.2314268443660014,-0.2277620857408919,-0.09408156072097315,0.21402330801732106
rashes,0.04899939085589405,0.20643738464831893,0.3968954106103311,0.21821481813450092,-0.2578943090828483,0.0,0.04953661797915601,0.29581834067387236,-0.3574401999852521,-0.21309936161378468,-0.10383190010624692,-0.3611238752638963,-0.21011898880973057,0.025489182820010652,-0.4246789863662547
sipon,-0.039551019368410725,0.21647511215194254,-0.0798534814341911,0.022603568246878283,-0.03264498029402963,0.04953661797915601,0.0,-0.00793180102412833,-0.041056977042396546,0.07262660689393566,-0.01804281000751681,-0.2420985496326336,-0.14229681415734133,-0.09335038136724687,-0.17507732230044035
ubo,0.35936807751737565,0.003469478365406504,0.20643396274168718,-0.01718138785293786,0.1299325359850227,0.29581834067387236,-0.00793180102412833,0.0,-0.16674884504716733,0.04954779087462231,-0.3277818432385471,0.14519831602445502,-0.28332164137229243,-0.10604711755925135,0.21964037300914996
ecq,0.3958638783972137,-0.08621757689129901,-0.1907439838295174,-0.15102994532844172,0.05583850442972692,-0.3574401999852521,-0.041056977042396546,-0.16674884504716733,0.0,0.2714388057486203,-0.348258251105542,0.11489566564726356,0.7757300943182748,-0.10043564754419881,0.3169569616837682
face-shield,0.5319927947938097,-0.07041296953951709,0.1751423190697842,0.03168869888185946,0.55743389220179,-0.21309936161378468,0.07262660689393566,0.04954779087462231,0.2714388057486203,0.0,-0.46556650623708284,0.348334446190628,-0.08662774957617822,-0.06875288831533989,-0.01773871394864452
Frontliners,-0.5243840642025526,-0.010165793008819935,0.05299217722944333,0.37383733147078246,-0.36582062412234195,-0.10383190010624692,-0.01804281000751681,-0.3277818432385471,-0.348258251105542,-0.46556650623708284,0.0,-0.08233716285224628,0.016040059682196878,0.06447918746000574,-0.08522300657216406
masks,0.379501640712005,-0.20222315246564385,-0.2497636740673483,-0.1553850489844725,0.2314268443660014,-0.3611238752638963,-0.2420985496326336,0.14519831602445502,0.11489566564726356,0.348334446190628,-0.08233716285224628,0.0,0.03914139642901198,0.2195931759604158,0.28785910168016393
Quarantine,0.11075159039360646,-0.06623759456501091,-0.1606965491520391,-0.24595616399918932,-0.2277620857408919,-0.21011898880973057,-0.14229681415734133,-0.28332164137229243,0.7757300943182748,-0.08662774957617822,0.016040059682196878,0.03914139642901198,0.0,0.01366459175194092,0.17223874392916688
social-distancing,0.08615651806299593,-0.28859730734887085,-0.03320961663523247,0.2078056932640246,-0.09408156072097315,0.025489182820010652,-0.09335038136724687,-0.10604711755925135,-0.10043564754419881,-0.06875288831533989,0.06447918746000574,0.2195931759604158,0.01366459175194092,0.0,-0.008671823378497458
work-from-home,0.05420153327080692,-0.4156121763675666,-0.06289409343069878,-0.09987323658576339,0.21402330801732106,-0.4246789863662547,-0.17507732230044035,0.21964037300914996,0.3169569616837682,-0.01773871394864452,-0.08522300657216406,0.28785910168016393,0.17223874392916688,-0.008671823378497458,0.0
