,flu,cough,fever,headache,lagnat,rashes,sipon,ubo,ecq,face-shield,Frontliners,masks,Quarantine,social-distancing,work-from-home
flu,0.0,0.5182157739583776,0.08764663212051431,0.20171532149164068,-0.3001457294280027,0.21136016732916216,0.4549199896010974,0.008781365990828066,0.6605278758060436,0.2777750056181128,-0.0751010874505216,0.0787286674271835,0.3118588323387548,-0.29723375680473824,-0.03616991677927814
cough,0.5182157739583776,0.0,0.2972682057040107,0.15772119606942717,0.011547095941602213,0.19929952799706038,0.6195686723838602,-0.05234511667682725,0.4731547966419217,0.2848802156659458,-0.4119210166671146,0.14370420576041268,0.3680645462680369,-0.02946352284835919,-0.10623600492405541
fever,0.08764663212051431,0.2972682057040107,0.0,0.24181584034125278,-0.22453168099943227,0.07923506073427368,0.3963500512525968,0.08554487583898432,0.09858977626180955,0.22273301263547562,-0.4360257940437929,0.5293375327819264,0.10336167564013653,0.28873832425505913,-0.2489098329417811
headache,0.20171532149164068,0.15772119606942717,0.24181584034125278,0.0,-0.15501198151786005,0.05051411925586606,0.3658694713205197,-0.07402689732824123,0.13007042120273243,-0.12355249931484193,-0.2851086261731802,0.49552911127082333,-0.09480738499902638,0.3280805965354318,0.09162562057110582
lagnat,-0.3001457294280027,0.011547095941602213,-0.22453168099943227,-0.15501198151786005,0.0,-0.2093247123104035,-0.15828227274459353,0.15641426515799636,-0.30326552882144503,-0.07314574217243583,-0.07110531755880505,-0.18132133368408007,-0.1936616377675059,0.06312206409679474,-0.05452533149379311
rashes,0.21136016732916216,0.19929952799706038,0.07923506073427368,0.05051411925586606,-0.2093247123104035,0.0,0.29968723240201783,0.16199826563517916,0.07034960795732938,0.24943054333051404,-0.23355197890505705,0.3238001950571093,0.08564391762619575,-0.008263529763236516,-0.26282230057928085
sipon,0.4549199896010974,0.6195686723838602,0.3963500512525968,0.3658694713205197,-0.15828227274459353,0.29968723240201783,0.0,0.031102042687664967,0.4292991595181528,0.18250754633861407,-0.4260529211561908,0.31756756879826675,0.24987677921989657,-0.016476968224366503,-0.021365774139578783
ubo,0.008781365990828066,-0.05234511667682725,0.08554487583898432,-0.07402689732824123,0.15641426515799636,0.16199826563517916,0.031102042687664967,0.0,0.09474296550172039,0.2039399078473924,0.2550738935857615,-0.0638868340372201,-0.026064971245356103,0.11248621836339803,-0.04587129853534909
ecq,0.6605278758060436,0.4731547966419217,0.09858977626180955,0.13007042120273243,-0.30326552882144503,0.07034960795732938,0.4292991595181528,0.09474296550172039,0.0,-0.1555906669104487,0.22785259413203016,-0.18513758464963384,0.685117819871258,-0.19763526861946798,0.10172282992979982
face-shield,0.2777750056181128,0.2848802156659458,0.22273301263547562,-0.12355249931484193,-0.07314574217243583,0.24943054333051404,0.18250754633861407,0.2039399078473924,-0.1555906669104487,0.0,-0.19676771187781777,0.06382663456437268,0.08525808875146883,-0.15848409531501859,-0.32804733984360995
Frontliners,-0.0751010874505216,-0.4119210166671146,-0.4360257940437929,-0.2851086261731802,-0.07110531755880505,-0.23355197890505705,-0.4260529211561908,0.2550738935857615,0.22785259413203016,-0.19676771187781777,0.0,-0.6593484948454397,0.36619044350878077,-0.17301110581006965,0.27466574862351667
masks,0.0787286674271835,0.14370420576041268,0.5293375327819264,0.49552911127082333,-0.18132133368408007,0.3238001950571093,0.31756756879826675,-0.0638868340372201,-0.18513758464963384,0.06382663456437268,-0.6593484948454397,0.0,-0.44450410078657965,0.25699807399887875,-0.19552846808217408
Quarantine,0.3118588323387548,0.3680645462680369,0.10336167564013653,-0.09480738499902638,-0.1936616377675059,0.08564391762619575,0.24987677921989657,-0.026064971245356103,0.685117819871258,0.08525808875146883,0.36619044350878077,-0.44450410078657965,0.0,-0.02001010562502509,0.1926375432130799
social-distancing,-0.29723375680473824,-0.02946352284835919,0.28873832425505913,0.3280805965354318,0.06312206409679474,-0.008263529763236516,-0.016476968224366503,0.11248621836339803,-0.19763526861946798,-0.15848409531501859,-0.17301110581006965,0.25699807399887875,-0.02001010562502509,0.0,0.1999528254118509
work-from-home,-0.03616991677927814,-0.10623600492405541,-0.2489098329417811,0.09162562057110582,-0.05452533149379311,-0.26282230057928085,-0.021365774139578783,-0.04587129853534909,0.10172282992979982,-0.32804733984360995,0.27466574862351667,-0.19552846808217408,0.1926375432130799,0.1999528254118509,0.0
