,flu,cough,fever,headache,lagnat,rashes,sipon,ubo,ecq,face-shield,Frontliners,masks,Quarantine,social-distancing,work-from-home
flu,0.0,0.2348263607733984,0.1416275535801129,-0.11893468963219551,-0.31678467524854703,0.03804648613906002,0.40230655130778054,0.07515803524874103,0.4975454475390883,0.628051674349855,-0.29968804813623723,-0.14026931995016903,0.5561306979306713,0.015953023901438365,-0.22753015910384475
cough,0.2348263607733984,0.0,-0.3856704371534551,-0.277209197755088,-0.045142407711114454,-0.12876229211670578,0.01513011361008991,0.14859499192039194,-0.08437265324165727,0.10263983007747955,-0.0601695726530891,-0.1275710569847921,0.09904290677882159,0.10238483306998586,-0.11049259684928653
fever,0.1416275535801129,-0.3856704371534551,0.0,0.0037791485496114995,0.07329940590511315,0.23880896260133969,0.1602904025051486,-0.04938499191335224,0.5054447475094619,0.2822236772687353,0.09462520623640766,0.07433856821460658,0.43742226668381906,-0.15751952406804315,-0.01178431448868283
headache,-0.11893468963219551,-0.277209197755088,0.0037791485496114995,0.0,-0.1395607956469543,0.25966906781804333,-0.11206222319210252,-0.1470192475339916,-0.00919413848154239,-0.027396289428472127,0.08368828886859953,-0.013791601135448603,0.09609042193728752,0.0654490521816621,-0.2233502428243007
lagnat,-0.31678467524854703,-0.045142407711114454,0.07329940590511315,-0.1395607956469543,0.0,-0.01687777835899548,0.19647681939457826,-0.013216705444261937,0.06870824584052669,0.059259620413565806,0.029869973077269442,0.12052405250994992,0.061099796013776186,-0.030762567684711188,0.33992975794545066
rashes,0.03804648613906002,-0.12876229211670578,0.23880896260133969,0.25966906781804333,-0.01687777835899548,0.0,0.21555010570978084,-0.009892436670554136,-0.22687339007476526,-0.046587737544645416,-0.11512013926866671,-0.22006100143010315,0.058643126526994306,-0.22687518464571327,-0.41756797853114613
sipon,0.40230655130778054,0.01513011361008991,0.1602904025051486,-0.11206222319210252,0.19647681939457826,0.21555010570978084,0.0,-0.005854824097983457,0.3337169443082608,0.47098119920885445,-0.49265108146499564,-0.04869655790864314,0.234921879087445,0.13157510843257383,-0.3908203597672737
ubo,0.07515803524874103,0.14859499192039194,-0.04938499191335224,-0.1470192475339916,-0.013216705444261937,-0.009892436670554136,-0.005854824097983457,0.0,0.006941302187192203,0.005681289952099677,-0.21514493111963165,-0.1394702259775115,-0.2113910513760904,-0.4181615495107442,-0.12526448196205803
ecq,0.4975454475390883,-0.08437265324165727,0.5054447475094619,-0.00919413848154239,0.06870824584052669,-0.22687339007476526,0.3337169443082608,0.006941302187192203,0.0,0.7477191945190818,-0.16738623740505468,0.1974479848267783,0.7608676066627424,0.13403668315831016,0.10300839023909826
face-shield,0.628051674349855,0.10263983007747955,0.2822236772687353,-0.027396289428472127,0.059259620413565806,-0.046587737544645416,0.47098119920885445,0.005681289952099677,0.7477191945190818,0.0,-0.31988054312873293,0.05412056307076982,0.7304736871625911,0.28082711324903387,-0.03938645223060168
Frontliners,-0.29968804813623723,-0.0601695726530891,0.09462520623640766,0.08368828886859953,0.029869973077269442,-0.11512013926866671,-0.49265108146499564,-0.21514493111963165,-0.16738623740505468,-0.31988054312873293,0.0,0.0844853234620217,0.010879846285672597,0.10965729295255085,0.17154451009520666
masks,-0.14026931995016903,-0.1275710569847921,0.07433856821460658,-0.013791601135448603,0.12052405250994992,-0.22006100143010315,-0.04869655790864314,-0.1394702259775115,0.1974479848267783,0.05412056307076982,0.0844853234620217,0.0,0.2840718139593015,0.24660294067562788,0.3949124053887637
Quarantine,0.5561306979306713,0.09904290677882159,0.43742226668381906,0.09609042193728752,0.061099796013776186,0.058643126526994306,0.234921879087445,-0.2113910513760904,0.7608676066627424,0.7304736871625911,0.010879846285672597,0.2840718139593015,0.0,0.3022882533328853,0.023279136057623228
social-distancing,0.015953023901438365,0.10238483306998586,-0.15751952406804315,0.0654490521816621,-0.030762567684711188,-0.22687518464571327,0.13157510843257383,-0.4181615495107442,0.13403668315831016,0.28082711324903387,0.10965729295255085,0.24660294067562788,0.3022882533328853,0.0,-0.0005550538683680494
work-from-home,-0.22753015910384475,-0.11049259684928653,-0.01178431448868283,-0.2233502428243007,0.33992975794545066,-0.41756797853114613,-0.3908203597672737,-0.12526448196205803,0.10300839023909826,-0.03938645223060168,0.17154451009520666,0.3949124053887637,0.023279136057623228,-0.0005550538683680494,0.0
