,flu,cough,fever,headache,lagnat,rashes,sipon,ubo,ecq,face-shield,Frontliners,masks,Quarantine,social-distancing,work-from-home
flu,0.0,0.2549039978155709,-0.13417547898212873,-0.1406252726607145,0.14859335108441768,0.2102290821865626,0.24664447344639642,0.4042135223524227,0.35461551489769,0.014062971913726572,-0.004922127993780043,-0.05930647263215015,0.2313110185667067,0.030131530128124327,0.27508201745179245
cough,0.2549039978155709,0.0,-0.040955020214724316,0.18996640643116677,-0.054852063192287394,-0.05636335116142213,-0.09197264535366799,-0.04845000285998471,-0.08204572536740108,0.028820965828925106,-0.2289605707018844,-0.0728190397187623,0.04151067561178762,-0.044013518441880464,-0.017752659498947377
fever,-0.13417547898212873,-0.040955020214724316,0.0,0.31480661696119494,-0.1711640429900807,-0.05466915984090352,-0.01648382788913896,-0.09943636577605197,-0.24905621765916797,0.05814339595012057,-0.21912103181514686,0.3048460360079477,0.020653430221973555,0.04371899096514515,0.115741900331779
headache,-0.1406252726607145,0.18996640643116677,0.31480661696119494,0.0,0.08707158881825666,-0.05958353714888003,0.04239220197893003,0.09641528492117389,-0.3215604240714628,-0.22586563343217844,-0.3607406336983677,0.22748568110495115,0.23681748173771683,-0.15052520369020964,-0.10663170490961738
lagnat,0.14859335108441768,-0.054852063192287394,-0.1711640429900807,0.08707158881825666,0.0,0.059883367610492746,-0.06356889353249627,0.11779472805283196,-0.20823019354256017,-0.15462657779691227,-0.08589258441994405,-0.07260780635125677,-0.005092498551852981,-0.15596436607513434,0.27558847242578477
rashes,0.2102290821865626,-0.05636335116142213,-0.05466915984090352,-0.05958353714888003,0.059883367610492746,0.0,0.3089958742888725,0.11840567061087923,0.0326859576764065,-0.016436883197738547,0.0889386697127699,-0.10329687538396447,-0.04729627933267319,0.1338022273278534,0.08174968326051284
sipon,0.24664447344639642,-0.09197264535366799,-0.01648382788913896,0.04239220197893003,-0.06356889353249627,0.3089958742888725,0.0,-0.12258915766189299,-0.0317208855303291,-0.1480510654673776,-0.18131769516937796,0.04337780044703741,0.24460236385619483,-0.10424314595363054,-0.2080659081874056
ubo,0.4042135223524227,-0.04845000285998471,-0.09943636577605197,0.09641528492117389,0.11779472805283196,0.11840567061087923,-0.12258915766189299,0.0,0.5983109873546899,0.15782413963917272,0.18472686295542487,0.32131205827086406,0.4451213212553217,-0.22808808576285058,0.2083696222920986
ecq,0.35461551489769,-0.08204572536740108,-0.24905621765916797,-0.3215604240714628,-0.20823019354256017,0.0326859576764065,-0.0317208855303291,0.5983109873546899,0.0,0.09269703800369682,0.3615596539365714,0.04414262388793913,0.3274164274347883,0.06812400199656471,0.21697233096308755
face-shield,0.014062971913726572,0.028820965828925106,0.05814339595012057,-0.22586563343217844,-0.15462657779691227,-0.016436883197738547,-0.1480510654673776,0.15782413963917272,0.09269703800369682,0.0,0.3765168617642747,-0.1354683002351617,0.025094577501562264,-0.4363099484574413,-0.22252042743495196
Frontliners,-0.004922127993780043,-0.2289605707018844,-0.21912103181514686,-0.3607406336983677,-0.08589258441994405,0.0889386697127699,-0.18131769516937796,0.18472686295542487,0.3615596539365714,0.3765168617642747,0.0,-0.29342887449161714,-0.0030954542902160535,-0.22515588704329625,-0.026534575922834938
masks,-0.05930647263215015,-0.0728190397187623,0.3048460360079477,0.22748568110495115,-0.07260780635125677,-0.10329687538396447,0.04337780044703741,0.32131205827086406,0.04414262388793913,-0.1354683002351617,-0.29342887449161714,0.0,0.2826460657775784,-0.061831555077798084,0.18245858276162225
Quarantine,0.2313110185667067,0.04151067561178762,0.020653430221973555,0.23681748173771683,-0.005092498551852981,-0.04729627933267319,0.24460236385619483,0.4451213212553217,0.3274164274347883,0.025094577501562264,-0.0030954542902160535,0.2826460657775784,0.0,-0.3590820592587066,-0.13266525329186085
social-distancing,0.030131530128124327,-0.044013518441880464,0.04371899096514515,-0.15052520369020964,-0.15596436607513434,0.1338022273278534,-0.10424314595363054,-0.22808808576285058,0.06812400199656471,-0.4363099484574413,-0.22515588704329625,-0.061831555077798084,-0.3590820592587066,0.0,0.2707177123009246
work-from-home,0.27508201745179245,-0.017752659498947377,0.115741900331779,-0.10663170490961738,0.27558847242578477,0.08174968326051284,-0.2080659081874056,0.2083696222920986,0.21697233096308755,-0.22252042743495196,-0.026534575922834938,0.18245858276162225,-0.13266525329186085,0.2707177123009246,0.0
