,flu,cough,fever,headache,lagnat,rashes,sipon,ubo,ecq,face-shield,Frontliners,masks,Quarantine,social-distancing,work-from-home
flu,0.0,0.29097476795227106,-0.15189960424508817,-0.12500536651771899,0.027285977813430277,0.121111514581213,0.21508146813109846,0.20471651890995293,0.22960152425606214,-0.055975019634495624,-0.02346754073424891,-0.1300060350514776,0.14033559598286902,0.04386383365526046,0.2435120959408865
cough,0.29097476795227106,0.0,-0.3041281171078397,0.2200521778001561,-0.2893188632442358,-0.15209486857704055,-0.2807524691496327,-0.10208566244988661,-0.06613072902524049,0.09658902507128168,0.09992804852281699,-0.058640292996218965,0.3289239286590886,-0.17756154911548372,0.007262918485236986
fever,-0.15189960424508817,-0.3041281171078397,0.0,-0.0016179061734852328,0.07715161518899168,0.2069613522897122,0.1391191255739291,-0.04221080487460486,-0.20147725396109512,-0.1029508117662732,-0.2870788257424752,0.14945715806894116,-0.38279623331137724,0.24915283870290172,-0.06424111854004685
headache,-0.12500536651771899,0.2200521778001561,-0.0016179061734852328,0.0,0.14598675405699044,0.11518581829437953,-0.04717317629565997,0.027536625811602156,-0.23285392371791053,-0.05516624230390382,-0.13891677424787255,0.08000024807353302,0.0810593906011119,-0.03515052222776211,-0.1273671119630928
lagnat,0.027285977813430277,-0.2893188632442358,0.07715161518899168,0.14598675405699044,0.0,-0.03354453503780257,0.10101795444914592,0.13851726059220174,-0.08773742579290267,-0.23093379107459058,-0.2949502784922459,0.1098981950611134,-0.24659903227015564,-0.02973335854578233,0.16093542682453543
rashes,0.121111514581213,-0.15209486857704055,0.2069613522897122,0.11518581829437953,-0.03354453503780257,0.0,0.5550135057386598,-0.08857810604170496,-0.15644861037202643,-0.1310966100260528,-0.2481483604878467,-0.07517173689014947,-0.2151880996020565,0.23858700533950727,-0.13381960092776696
sipon,0.21508146813109846,-0.2807524691496327,0.1391191255739291,-0.04717317629565997,0.10101795444914592,0.5550135057386598,0.0,-0.1370033827673231,-0.027984466796686775,-0.22094010933492322,-0.2935081543797182,-0.050759970687292544,-0.11728738619099151,0.0953094003335203,-0.24000763544005696
ubo,0.20471651890995293,-0.10208566244988661,-0.04221080487460486,0.027536625811602156,0.13851726059220174,-0.08857810604170496,-0.1370033827673231,0.0,0.6385310777933233,0.09257573032323997,0.09333056566247777,0.2897272311394291,0.1397808227584057,-0.23457784622013023,0.2192083155997079
ecq,0.22960152425606214,-0.06613072902524049,-0.20147725396109512,-0.23285392371791053,-0.08773742579290267,-0.15644861037202643,-0.027984466796686775,0.6385310777933233,0.0,0.14265435781976313,0.3881476643849438,0.257922077856781,0.5346639127050477,-0.10687584164789718,0.3824222229580674
face-shield,-0.055975019634495624,0.09658902507128168,-0.1029508117662732,-0.05516624230390382,-0.23093379107459058,-0.1310966100260528,-0.22094010933492322,0.09257573032323997,0.14265435781976313,0.0,0.498877375757304,0.024033960849831733,0.39670590057814187,-0.4709268357029068,-0.12437495551249916
Frontliners,-0.02346754073424891,0.09992804852281699,-0.2870788257424752,-0.13891677424787255,-0.2949502784922459,-0.2481483604878467,-0.2935081543797182,0.09333056566247777,0.3881476643849438,0.498877375757304,0.0,0.014122935222209806,0.5649969961603157,-0.40688063679371983,0.1336159376501443
masks,-0.1300060350514776,-0.058640292996218965,0.14945715806894116,0.08000024807353302,0.1098981950611134,-0.07517173689014947,-0.050759970687292544,0.2897272311394291,0.257922077856781,0.024033960849831733,0.014122935222209806,0.0,0.236514212322389,-0.041362994867241425,0.29036234799325705
Quarantine,0.14033559598286902,0.3289239286590886,-0.38279623331137724,0.0810593906011119,-0.24659903227015564,-0.2151880996020565,-0.11728738619099151,0.1397808227584057,0.5346639127050477,0.39670590057814187,0.5649969961603157,0.236514212322389,0.0,-0.31964576685224105,0.07431497604289569
social-distancing,0.04386383365526046,-0.17756154911548372,0.24915283870290172,-0.03515052222776211,-0.02973335854578233,0.23858700533950727,0.0953094003335203,-0.23457784622013023,-0.10687584164789718,-0.4709268357029068,-0.40688063679371983,-0.041362994867241425,-0.31964576685224105,0.0,0.20141374629645886
work-from-home,0.2435120959408865,0.007262918485236986,-0.06424111854004685,-0.1273671119630928,0.16093542682453543,-0.13381960092776696,-0.24000763544005696,0.2192083155997079,0.3824222229580674,-0.12437495551249916,0.1336159376501443,0.29036234799325705,0.07431497604289569,0.20141374629645886,0.0
