,flu,cough,fever,headache,lagnat,rashes,sipon,ubo,ecq,face-shield,Frontliners,masks,Quarantine,social-distancing,work-from-home
flu,0.0,0.2574227122609941,0.1553713925961869,-0.10957660917717015,-0.11367678059090287,-0.10581485877767512,0.30644772072200266,0.39875533987514233,0.25832731402158904,0.06242700993312565,0.13610089003733314,-0.3878239791294989,0.3381247643051028,-0.1870376499152118,-0.09532713510051231
cough,0.2574227122609941,0.0,0.18787106510826723,-0.25755779860353706,-0.12590054165419598,-0.04431228668227331,0.18552774255497081,0.3008632558770872,0.35886895015161646,0.1289623130582436,0.15071906942240884,-0.08219957344710524,0.2769036670525785,0.04475438077744897,-0.18836850285048964
fever,0.1553713925961869,0.18787106510826723,0.0,0.146115580800865,-0.05667529973644604,0.4217285057149117,-0.030172468355445972,0.07271878738795011,0.20547635395594205,-0.16967690830004248,0.33255631333274394,0.17893840184495535,0.13353677255958576,-0.0789484704384384,-0.06133276430071551
headache,-0.10957660917717015,-0.25755779860353706,0.146115580800865,0.0,-0.3950867852515504,0.12193102539354972,-0.10753110818776906,-0.20041118746248848,-0.13447985708629162,-0.18066315072958658,0.1589897029227495,0.22106022022844332,-0.23164016573591056,0.1612638759327721,0.19899338712548098
lagnat,-0.11367678059090287,-0.12590054165419598,-0.05667529973644604,-0.3950867852515504,0.0,0.19573555906946236,0.09302276248572419,0.07081077907341152,-0.018696655746986677,0.09814994353113249,0.1766334849423469,0.19688120442630677,0.09049324465713733,-0.28574794147571525,-0.1269028235096655
rashes,-0.10581485877767512,-0.04431228668227331,0.4217285057149117,0.12193102539354972,0.19573555906946236,0.0,-0.04871364193046092,-0.0389677875367827,-0.06363697615957203,0.2726829730873438,0.13744140285439294,0.4297204519144503,-0.11536969414342067,0.14697190192973286,0.19589648775533647
sipon,0.30644772072200266,0.18552774255497081,-0.030172468355445972,-0.10753110818776906,0.09302276248572419,-0.04871364193046092,0.0,0.5739284659886138,0.5164128486601771,-0.1889523931047291,0.16341823487573667,-0.1912091313645896,0.5092806752344666,-0.3279155734701658,-0.5327663447815153
ubo,0.39875533987514233,0.3008632558770872,0.07271878738795011,-0.20041118746248848,0.07081077907341152,-0.0389677875367827,0.5739284659886138,0.0,0.41665844876759006,-0.23799063051964478,0.03684356643758005,-0.25029751574779413,0.4125588239608025,-0.35158634304497705,-0.3165950684097854
ecq,0.25832731402158904,0.35886895015161646,0.20547635395594205,-0.13447985708629162,-0.018696655746986677,-0.06363697615957203,0.5164128486601771,0.41665844876759006,0.0,-0.12421445388893097,0.47255495138355436,-0.05994876351252376,0.9138025286708381,-0.28859350573190046,-0.518872269253668
face-shield,0.06242700993312565,0.1289623130582436,-0.16967690830004248,-0.18066315072958658,0.09814994353113249,0.2726829730873438,-0.1889523931047291,-0.23799063051964478,-0.12421445388893097,0.0,-0.03971352027299898,0.05100361845475333,-0.012760780666853353,0.25314504685738576,0.3071220747535451
Frontliners,0.13610089003733314,0.15071906942240884,0.33255631333274394,0.1589897029227495,0.1766334849423469,0.13744140285439294,0.16341823487573667,0.03684356643758005,0.47255495138355436,-0.03971352027299898,0.0,0.3246846167025907,0.4375642217991351,0.03676200493150471,-0.03738520747743182
masks,-0.3878239791294989,-0.08219957344710524,0.17893840184495535,0.22106022022844332,0.19688120442630677,0.4297204519144503,-0.1912091313645896,-0.25029751574779413,-0.05994876351252376,0.05100361845475333,0.3246846167025907,0.0,-0.042516053775905,0.19628394574104543,0.19764379795001397
Quarantine,0.3381247643051028,0.2769036670525785,0.13353677255958576,-0.23164016573591056,0.09049324465713733,-0.11536969414342067,0.5092806752344666,0.4125588239608025,0.9138025286708381,-0.012760780666853353,0.4375642217991351,-0.042516053775905,0.0,-0.25605965183222684,-0.402996999763373
social-distancing,-0.1870376499152118,0.04475438077744897,-0.0789484704384384,0.1612638759327721,-0.28574794147571525,0.14697190192973286,-0.3279155734701658,-0.35158634304497705,-0.28859350573190046,0.25314504685738576,0.03676200493150471,0.19628394574104543,-0.25605965183222684,0.0,0.7032550807851714
work-from-home,-0.09532713510051231,-0.18836850285048964,-0.06133276430071551,0.19899338712548098,-0.1269028235096655,0.19589648775533647,-0.5327663447815153,-0.3165950684097854,-0.518872269253668,0.3071220747535451,-0.03738520747743182,0.19764379795001397,-0.402996999763373,0.7032550807851714,0.0
