,flu,cough,fever,headache,lagnat,rashes,sipon,ubo,ecq,face-shield,Frontliners,masks,Quarantine,social-distancing,work-from-home
flu,0.0,0.37325754051340765,-0.28263869492214455,-0.5343673628664825,-0.1603880164680434,-0.22717855857786828,0.13861120736657778,0.34349677518251553,0.5054248397521023,0.316898288448676,-0.5194852005776078,0.3189458048357974,0.4795713260025694,0.1635710678107178,-0.02719925772774908
cough,0.37325754051340765,0.0,-0.5138903942343079,-0.39531474064728866,0.1268084584180317,-0.1865831785944722,0.311299577383692,0.35875882574382434,0.1380640543127083,0.17475977184905497,-0.26716382797588784,-0.04258030529243415,0.19316018906911048,-0.04939410667158901,-0.11389885870623166
fever,-0.28263869492214455,-0.5138903942343079,0.0,0.4600708441856841,0.037243530155801244,0.5698935561025169,-0.20907673882527716,-0.03222986885740945,-0.10995009786080126,-0.03409054881328393,0.20791797177115434,-0.3370049603485853,-0.04869185893858294,-0.3204496327022574,-0.11556084275407287
headache,-0.5343673628664825,-0.39531474064728866,0.4600708441856841,0.0,-0.15533835701169527,0.47214324962905313,-0.203807822775488,-0.2761556750361485,-0.2725377914716347,-0.2506541911857686,0.5292745152865563,-0.32865290055819707,-0.26406632292770993,-0.12212419604675957,-0.21272962704634749
lagnat,-0.1603880164680434,0.1268084584180317,0.037243530155801244,-0.15533835701169527,0.0,-0.040677033521004144,0.24258571458250486,0.11834027009622887,-0.011983267671829492,-0.008895865743166595,-0.09057643181689079,-0.09139546892276458,-0.0020959337841299983,-0.03003419626929361,0.16209246223118395
rashes,-0.22717855857786828,-0.1865831785944722,0.5698935561025169,0.47214324962905313,-0.040677033521004144,0.0,-0.06645255742975531,0.11911180955552295,-0.19488695201495163,-0.09242138712461365,0.14103798929472483,-0.3790785043906386,-0.03798865034699439,-0.3787129906894475,-0.3953740832970079
sipon,0.13861120736657778,0.311299577383692,-0.20907673882527716,-0.203807822775488,0.24258571458250486,-0.06645255742975531,0.0,0.11383438022448578,0.20157049659428497,0.31985006369654767,-0.032276550157056376,-0.1956763282898986,0.01495357131404555,0.13682846887460898,-0.12870018279939557
ubo,0.34349677518251553,0.35875882574382434,-0.03222986885740945,-0.2761556750361485,0.11834027009622887,0.11911180955552295,0.11383438022448578,0.0,-0.07116715432443968,0.16672689073951477,-0.32443224903489604,0.07485373733746137,-0.04800330285360909,-0.04904923964485955,0.08390585171102814
ecq,0.5054248397521023,0.1380640543127083,-0.10995009786080126,-0.2725377914716347,-0.011983267671829492,-0.19488695201495163,0.20157049659428497,-0.07116715432443968,0.0,0.45847931451713186,-0.4040402063826582,0.3502687778332075,0.7882662593934632,0.27154619765990246,0.05432578638931922
face-shield,0.316898288448676,0.17475977184905497,-0.03409054881328393,-0.2506541911857686,-0.008895865743166595,-0.09242138712461365,0.31985006369654767,0.16672689073951477,0.45847931451713186,0.0,-0.2253809820805208,0.12670304614690364,0.33360214151008805,0.3016947278112843,-0.19208047656156857
Frontliners,-0.5194852005776078,-0.26716382797588784,0.20791797177115434,0.5292745152865563,-0.09057643181689079,0.14103798929472483,-0.032276550157056376,-0.32443224903489604,-0.4040402063826582,-0.2253809820805208,0.0,-0.08796354044050465,-0.18525833716131054,-0.21764654522883808,-0.1475834178840528
masks,0.3189458048357974,-0.04258030529243415,-0.3370049603485853,-0.32865290055819707,-0.09139546892276458,-0.3790785043906386,-0.1956763282898986,0.07485373733746137,0.3502687778332075,0.12670304614690364,-0.08796354044050465,0.0,0.34840031484627454,0.24885424986546123,0.40094806095498753
Quarantine,0.4795713260025694,0.19316018906911048,-0.04869185893858294,-0.26406632292770993,-0.0020959337841299983,-0.03798865034699439,0.01495357131404555,-0.04800330285360909,0.7882662593934632,0.33360214151008805,-0.18525833716131054,0.34840031484627454,0.0,0.26391602563303374,-0.019876325705628282
social-distancing,0.1635710678107178,-0.04939410667158901,-0.3204496327022574,-0.12212419604675957,-0.03003419626929361,-0.3787129906894475,0.13682846887460898,-0.04904923964485955,0.27154619765990246,0.3016947278112843,-0.21764654522883808,0.24885424986546123,0.26391602563303374,0.0,0.11639818710723156
work-from-home,-0.02719925772774908,-0.11389885870623166,-0.11556084275407287,-0.21272962704634749,0.16209246223118395,-0.3953740832970079,-0.12870018279939557,0.08390585171102814,0.05432578638931922,-0.19208047656156857,-0.1475834178840528,0.40094806095498753,-0.019876325705628282,0.11639818710723156,0.0
