,flu,cough,fever,headache,lagnat,rashes,sipon,ubo,ecq,face-shield,Frontliners,masks,Quarantine,social-distancing,work-from-home
flu,0.0,0.5214494574149549,0.42147121149826805,0.2681948665859543,0.14978425089231365,-0.5973513969624131,0.13380436589888134,-0.0338009975448794,-0.5928438571649336,0.6334835385695996,-0.43147083133019337,0.4421158533072802,-0.40926897520963135,0.3322059110197222,0.4521816140902527
cough,0.5214494574149549,0.0,0.7853664889202425,0.125120725899495,0.11596464021003217,-0.3745946971631386,-0.1233090573511289,-0.1428902140886722,-0.6254705595472968,0.547689986049098,-0.6261125766445897,0.523192030791427,-0.5398094728132485,-0.06923385216006314,0.29286365264019865
fever,0.42147121149826805,0.7853664889202425,0.0,0.0015279496171599332,0.18069267940054123,-0.29334225377882495,-0.189503057568601,-0.21511167079804505,-0.6388321434793527,0.4171646475475643,-0.6237978383273964,0.4577219875965598,-0.5925607629365598,-0.04964962227969175,0.24576069421026314
headache,0.2681948665859543,0.125120725899495,0.0015279496171599332,0.0,0.08443148258127081,-0.0753375919928604,-0.12647066623197445,0.10839678410779625,-0.14119814040967194,0.10510200007267435,0.14864508612665417,-0.0032493154437338045,-0.1446598291875527,-0.022125594515136085,0.05486808712285676
lagnat,0.14978425089231365,0.11596464021003217,0.18069267940054123,0.08443148258127081,0.0,0.05857023302905277,-0.11128575276145138,-0.294565037724071,-0.19811638963479455,0.08997045218700961,0.03493488554293048,-0.09913750218988811,-0.08408986902563985,-0.30509234188419676,-0.42430485240034
rashes,-0.5973513969624131,-0.3745946971631386,-0.29334225377882495,-0.0753375919928604,0.05857023302905277,0.0,-0.077545358296486,0.07749207479963695,0.4904003097956786,-0.2898689127964765,0.2790186083854965,-0.347014416851318,0.4000102646833391,-0.192950089958579,-0.4228306634590057
sipon,0.13380436589888134,-0.1233090573511289,-0.189503057568601,-0.12647066623197445,-0.11128575276145138,-0.077545358296486,0.0,0.009766657476806304,0.12427337502964059,0.027652633610616154,0.15427353435515506,0.13917377369048092,0.336945862689031,0.10964562365421957,0.1082166862660656
ubo,-0.0338009975448794,-0.1428902140886722,-0.21511167079804505,0.10839678410779625,-0.294565037724071,0.07749207479963695,0.009766657476806304,0.0,0.05898154297916602,0.21589152961782704,0.2358960535898823,0.21844723759020204,0.039186820345970305,0.25886989541962047,0.24358428197711496
ecq,-0.5928438571649336,-0.6254705595472968,-0.6388321434793527,-0.14119814040967194,-0.19811638963479455,0.4904003097956786,0.12427337502964059,0.05898154297916602,0.0,-0.5277944073477365,0.6190250679135721,-0.4529026521119653,0.7337797343213607,0.12042704090906703,-0.3365335818843568
face-shield,0.6334835385695996,0.547689986049098,0.4171646475475643,0.10510200007267435,0.08997045218700961,-0.2898689127964765,0.027652633610616154,0.21589152961782704,-0.5277944073477365,0.0,-0.29620593969311415,0.5477927849051148,-0.49356881897052246,0.36908578959547644,0.48866163072737834
Frontliners,-0.43147083133019337,-0.6261125766445897,-0.6237978383273964,0.14864508612665417,0.03493488554293048,0.2790186083854965,0.15427353435515506,0.2358960535898823,0.6190250679135721,-0.29620593969311415,0.0,-0.368628952169346,0.45075326279432776,0.07079392760654078,-0.09555704728794423
masks,0.4421158533072802,0.523192030791427,0.4577219875965598,-0.0032493154437338045,-0.09913750218988811,-0.347014416851318,0.13917377369048092,0.21844723759020204,-0.4529026521119653,0.5477927849051148,-0.368628952169346,0.0,-0.3351725011755172,0.3146663926114543,0.5449179851687659
Quarantine,-0.40926897520963135,-0.5398094728132485,-0.5925607629365598,-0.1446598291875527,-0.08408986902563985,0.4000102646833391,0.336945862689031,0.039186820345970305,0.7337797343213607,-0.49356881897052246,0.45075326279432776,-0.3351725011755172,0.0,-0.02417960966569738,-0.2155509640473325
social-distancing,0.3322059110197222,-0.06923385216006314,-0.04964962227969175,-0.022125594515136085,-0.30509234188419676,-0.192950089958579,0.10964562365421957,0.25886989541962047,0.12042704090906703,0.36908578959547644,0.07079392760654078,0.3146663926114543,-0.02417960966569738,0.0,0.29526801376725775
work-from-home,0.4521816140902527,0.29286365264019865,0.24576069421026314,0.05486808712285676,-0.42430485240034,-0.4228306634590057,0.1082166862660656,0.24358428197711496,-0.3365335818843568,0.48866163072737834,-0.09555704728794423,0.5449179851687659,-0.2155509640473325,0.29526801376725775,0.0
