,flu,cough,fever,headache,lagnat,rashes,sipon,ubo,ecq,face-shield,Frontliners,masks,Quarantine,social-distancing,work-from-home
flu,0.0,0.16729175141818733,-0.22982328233111876,-0.12567281694704427,-0.0226345147834698,0.17497607637940638,0.2185619558624987,0.5305343619500978,0.44457007517988134,-0.014059817629285787,0.07706067691722755,-0.05638966491227817,0.23980337705697755,0.1631045137016663,0.3995765397646179
cough,0.16729175141818733,0.0,-0.022533214390216896,0.13175864356088937,-0.03651273654249157,-0.05560327239935072,0.15706669760734251,-0.24902992420780376,-0.020309423424445954,-0.18592135999443837,-0.24796237567579232,0.06338244521986273,0.06476082387956232,0.07767732031114484,-0.095674110679724
fever,-0.22982328233111876,-0.022533214390216896,0.0,0.3666357067917679,0.005534903407987768,0.06968983052556749,-0.20348246570434836,0.0008544566518493867,-0.41291956710394545,0.2645320719857798,-0.2961230820173877,0.17209657967617292,-0.24424346679896738,-0.21844311719894438,-0.09312105260076776
headache,-0.12567281694704427,0.13175864356088937,0.3666357067917679,0.0,0.20170354475967706,0.12929741452397228,0.08344067791913833,0.16397444022697197,-0.2941199091949068,-0.18662851585533424,-0.44420439789625815,0.2101619176105203,-0.0868641003773291,-0.5760134414063298,-0.07908230988966329
lagnat,-0.0226345147834698,-0.03651273654249157,0.005534903407987768,0.20170354475967706,0.0,0.28435705428299335,0.3888075550086112,-0.029237365250518874,-0.3099882675624273,-0.16393613013039432,-0.19853260151010968,0.10391905457470885,-0.2927636102312578,-0.6251531033512155,-0.31607895231438726
rashes,0.17497607637940638,-0.05560327239935072,0.06968983052556749,0.12929741452397228,0.28435705428299335,0.0,0.22796939793424081,0.29800134554001945,-0.037957930411557615,0.1192801751715426,0.013415240539062708,-0.03109428052791326,-0.2183669676200634,-0.18557970397002002,-0.08002601234997794
sipon,0.2185619558624987,0.15706669760734251,-0.20348246570434836,0.08344067791913833,0.3888075550086112,0.22796939793424081,0.0,0.016421839932236754,-0.04392276969417446,-0.3680147368679048,-0.28641180750928147,0.45434026727067356,0.1403636484619173,-0.3252538271755466,-0.12344349047805085
ubo,0.5305343619500978,-0.24902992420780376,0.0008544566518493867,0.16397444022697197,-0.029237365250518874,0.29800134554001945,0.016421839932236754,0.0,0.48288225463878987,0.15894366365440346,0.08365825698329411,0.08246066104995482,0.17215747212118307,-0.04852380344655031,0.25693519823673094
ecq,0.44457007517988134,-0.020309423424445954,-0.41291956710394545,-0.2941199091949068,-0.3099882675624273,-0.037957930411557615,-0.04392276969417446,0.48288225463878987,0.0,0.021596094478193332,0.530835922961887,-0.14344458051552472,0.44724152050466803,0.4951962604627091,0.21608225537686448
face-shield,-0.014059817629285787,-0.18592135999443837,0.2645320719857798,-0.18662851585533424,-0.16393613013039432,0.1192801751715426,-0.3680147368679048,0.15894366365440346,0.021596094478193332,0.0,0.22067295013596874,-0.27801657928241585,-0.1613694322501146,0.1106263237187688,-0.02326983961797011
Frontliners,0.07706067691722755,-0.24796237567579232,-0.2961230820173877,-0.44420439789625815,-0.19853260151010968,0.013415240539062708,-0.28641180750928147,0.08365825698329411,0.530835922961887,0.22067295013596874,0.0,-0.3787466564310604,0.23962508533151458,0.522279619270133,0.13518211439274144
masks,-0.05638966491227817,0.06338244521986273,0.17209657967617292,0.2101619176105203,0.10391905457470885,-0.03109428052791326,0.45434026727067356,0.08246066104995482,-0.14344458051552472,-0.27801657928241585,-0.3787466564310604,0.0,0.08981645040383386,-0.2789058108623881,0.004649089730553571
Quarantine,0.23980337705697755,0.06476082387956232,-0.24424346679896738,-0.0868641003773291,-0.2927636102312578,-0.2183669676200634,0.1403636484619173,0.17215747212118307,0.44724152050466803,-0.1613694322501146,0.23962508533151458,0.08981645040383386,0.0,0.18901001911002532,0.19915348300978453
social-distancing,0.1631045137016663,0.07767732031114484,-0.21844311719894438,-0.5760134414063298,-0.6251531033512155,-0.18557970397002002,-0.3252538271755466,-0.04852380344655031,0.4951962604627091,0.1106263237187688,0.522279619270133,-0.2789058108623881,0.18901001911002532,0.0,0.22421924212285674
work-from-home,0.3995765397646179,-0.095674110679724,-0.09312105260076776,-0.07908230988966329,-0.31607895231438726,-0.08002601234997794,-0.12344349047805085,0.25693519823673094,0.21608225537686448,-0.02326983961797011,0.13518211439274144,0.004649089730553571,0.19915348300978453,0.22421924212285674,0.0
