,flu,cough,fever,headache,lagnat,rashes,sipon,ubo,ecq,face-shield,Frontliners,masks,Quarantine,social-distancing,work-from-home
flu,0.0,-0.38651242540381353,-0.02166852273114983,-0.1253183349434815,-0.12808514142375596,-0.16439417780921117,0.01415039400877898,0.0600176248800007,0.23114462763073002,0.09894585001867515,0.07069587746165196,-0.16066553354361182,0.1763820991712197,-0.10845186156377853,0.295472095532758
cough,-0.38651242540381353,0.0,0.07710300883511964,0.33238974277755606,0.10255995355924942,-0.04950184735700559,-0.30710169717854563,-0.19653943524261722,-0.329343837656489,-0.044195752054729344,-0.24629960249289942,0.10148624441020422,-0.22983589194202578,0.15907019413443466,-0.0670754259506117
fever,-0.02166852273114983,0.07710300883511964,0.0,0.25912198976350964,0.2596889429922997,0.49571386512883503,-0.2671989754177696,0.036401637551009836,0.24473096753632279,0.01781695851866332,-0.39269329140600817,0.24806656529353951,0.39488722778349045,0.2551872975013303,-0.22061527808000225
headache,-0.1253183349434815,0.33238974277755606,0.25912198976350964,0.0,0.07292012778078283,0.33416833277826047,-0.12828519271756747,-0.05072182543835039,-0.24954296570386433,0.1953386041686931,-0.07200711952910138,0.05732715820535622,-0.04437790449055755,-0.07088708931990537,-0.14440067043491475
lagnat,-0.12808514142375596,0.10255995355924942,0.2596889429922997,0.07292012778078283,0.0,0.14017939398015308,-0.11138280208423272,0.2182421189043536,-0.14714477274662244,-0.26366466932036997,-0.1384264815419877,-0.04722755871079976,-0.13510802273314912,0.08295611828157094,0.005434840790560484
rashes,-0.16439417780921117,-0.04950184735700559,0.49571386512883503,0.33416833277826047,0.14017939398015308,0.0,-0.03761586569195902,0.02795181359361915,0.11861921353244857,0.2347548087875741,-0.139584349743144,0.3945908529934469,0.17249947859789438,0.13478406880016117,-0.09929581324667487
sipon,0.01415039400877898,-0.30710169717854563,-0.2671989754177696,-0.12828519271756747,-0.11138280208423272,-0.03761586569195902,0.0,0.11093277280182166,-0.13457699214961028,0.16988350022461873,0.06866985585247135,-0.46223374539571915,-0.21082785550373015,-0.16391713248218173,0.1052033658412698
ubo,0.0600176248800007,-0.19653943524261722,0.036401637551009836,-0.05072182543835039,0.2182421189043536,0.02795181359361915,0.11093277280182166,0.0,-0.10041153799207357,-0.26023752631112457,-0.44032958043482884,-0.025466568996843308,-0.10388553358325858,-0.005564441304784626,-0.2865479918084446
ecq,0.23114462763073002,-0.329343837656489,0.24473096753632279,-0.24954296570386433,-0.14714477274662244,0.11861921353244857,-0.13457699214961028,-0.10041153799207357,0.0,0.25953607508674753,-0.04592293014788776,0.2187341518818126,0.49889623866798305,-0.13897753313583575,0.03064318223637353
face-shield,0.09894585001867515,-0.044195752054729344,0.01781695851866332,0.1953386041686931,-0.26366466932036997,0.2347548087875741,0.16988350022461873,-0.26023752631112457,0.25953607508674753,0.0,-0.0641831081951758,-0.10861928430165955,0.16023388695663648,0.10618575754578571,-0.06033594876162714
Frontliners,0.07069587746165196,-0.24629960249289942,-0.39269329140600817,-0.07200711952910138,-0.1384264815419877,-0.139584349743144,0.06866985585247135,-0.44032958043482884,-0.04592293014788776,-0.0641831081951758,0.0,0.15661394670064382,-0.03496925650904265,-0.07703238378606968,0.23089318886195195
masks,-0.16066553354361182,0.10148624441020422,0.24806656529353951,0.05732715820535622,-0.04722755871079976,0.3945908529934469,-0.46223374539571915,-0.025466568996843308,0.2187341518818126,-0.10861928430165955,0.15661394670064382,0.0,0.43093416407816926,0.13001661038730988,-0.14452344855525848
Quarantine,0.1763820991712197,-0.22983589194202578,0.39488722778349045,-0.04437790449055755,-0.13510802273314912,0.17249947859789438,-0.21082785550373015,-0.10388553358325858,0.49889623866798305,0.16023388695663648,-0.03496925650904265,0.43093416407816926,0.0,0.07802882064927577,0.0921749044414606
social-distancing,-0.10845186156377853,0.15907019413443466,0.2551872975013303,-0.07088708931990537,0.08295611828157094,0.13478406880016117,-0.16391713248218173,-0.005564441304784626,-0.13897753313583575,0.10618575754578571,-0.07703238378606968,0.13001661038730988,0.07802882064927577,0.0,0.3196126916953109
work-from-home,0.295472095532758,-0.0670754259506117,-0.22061527808000225,-0.14440067043491475,0.005434840790560484,-0.09929581324667487,0.1052033658412698,-0.2865479918084446,0.03064318223637353,-0.06033594876162714,0.23089318886195195,-0.14452344855525848,0.0921749044414606,0.3196126916953109,0.0
