,flu,cough,fever,headache,lagnat,rashes,sipon,ubo,ecq,face-shield,Frontliners,masks,Quarantine,social-distancing,work-from-home
flu,0.0,0.33808601892318735,0.08685782757709065,-0.09121526983990048,-0.2662138162075442,0.01178067710934441,0.12591838086031815,0.21118163992761124,0.20786925751352303,0.3840993110815404,0.09905475326044279,-0.4608957880429034,0.24800025138753282,-0.13261635803340208,-0.1441840159728588
cough,0.33808601892318735,0.0,-0.30526668552035496,0.03485959323803877,-0.2318717479624103,-0.17476731360545608,-0.27664252845323334,0.010621515397526714,-0.26885278888075165,0.15597268237318287,0.1480180714744936,-0.07358371181377933,0.14471585305172474,-0.11451001673671156,0.014180504695582938
fever,0.08685782757709065,-0.30526668552035496,0.0,-0.03326359463420514,0.19658320527829004,0.25367213601583466,0.38083871283424076,-0.13880385183803667,0.206984734790576,0.05044617801002376,-0.08518008178315271,0.0508969860041348,0.20119161882429687,-0.09377687352054652,-0.08818535786952052
headache,-0.09121526983990048,0.03485959323803877,-0.03326359463420514,0.0,0.010280489071187691,0.09163552212906441,-0.0724401799359705,-0.13359798369605377,-0.15927057293890162,0.1357910514916327,0.004351951119248331,-0.02796645334439587,0.25707825647294,-0.1638597024464847,-0.024734325949056443
lagnat,-0.2662138162075442,-0.2318717479624103,0.19658320527829004,0.010280489071187691,0.0,0.11715817713794975,0.0010617393454927955,-0.16042253611162657,-0.16148794789674673,-0.22130964754184557,-0.3170945551102959,0.15837671107130738,-0.20168285944945075,0.14715729781219652,0.2336743517446115
rashes,0.01178067710934441,-0.17476731360545608,0.25367213601583466,0.09163552212906441,0.11715817713794975,0.0,0.4879314232409363,-0.33383803538900303,-0.25258578657782244,0.0065483083208266735,-0.25512140446062925,-0.1524592183209493,0.06135241031957695,0.023984407014977276,-0.3722037165320659
sipon,0.12591838086031815,-0.27664252845323334,0.38083871283424076,-0.0724401799359705,0.0010617393454927955,0.4879314232409363,0.0,-0.3250959073829748,-0.14596056584028647,0.005949177358503246,-0.25502001685665887,-0.10618381940012092,-0.030636103413422915,-0.05327603428939917,-0.5024871579825458
ubo,0.21118163992761124,0.010621515397526714,-0.13880385183803667,-0.13359798369605377,-0.16042253611162657,-0.33383803538900303,-0.3250959073829748,0.0,0.5008922497805431,0.15753433339065576,0.15600322834697467,-0.0508214433756801,0.03833448884418511,-0.25840471197199577,0.052253203990805866
ecq,0.20786925751352303,-0.26885278888075165,0.206984734790576,-0.15927057293890162,-0.16148794789674673,-0.25258578657782244,-0.14596056584028647,0.5008922497805431,0.0,0.4013403218305471,0.5377722387848493,0.06969230410752168,0.5332834076620814,-0.2747990189365049,0.189597597959968
face-shield,0.3840993110815404,0.15597268237318287,0.05044617801002376,0.1357910514916327,-0.22130964754184557,0.0065483083208266735,0.005949177358503246,0.15753433339065576,0.4013403218305471,0.0,0.74446963503859,-0.37104983603934094,0.7311007999444785,-0.6680635410565761,-0.19571602362990212
Frontliners,0.09905475326044279,0.1480180714744936,-0.08518008178315271,0.004351951119248331,-0.3170945551102959,-0.25512140446062925,-0.25502001685665887,0.15600322834697467,0.5377722387848493,0.74446963503859,0.0,-0.16239664774199367,0.772426046052468,-0.5736540035029132,0.023650062044867158
masks,-0.4608957880429034,-0.07358371181377933,0.0508969860041348,-0.02796645334439587,0.15837671107130738,-0.1524592183209493,-0.10618381940012092,-0.0508214433756801,0.06969230410752168,-0.37104983603934094,-0.16239664774199367,0.0,-0.05447048694353442,0.3495138729263707,0.28381599934315904
Quarantine,0.24800025138753282,0.14471585305172474,0.20119161882429687,0.25707825647294,-0.20168285944945075,0.06135241031957695,-0.030636103413422915,0.03833448884418511,0.5332834076620814,0.7311007999444785,0.772426046052468,-0.05447048694353442,0.0,-0.5111917485418606,-0.06959094877027341
social-distancing,-0.13261635803340208,-0.11451001673671156,-0.09377687352054652,-0.1638597024464847,0.14715729781219652,0.023984407014977276,-0.05327603428939917,-0.25840471197199577,-0.2747990189365049,-0.6680635410565761,-0.5736540035029132,0.3495138729263707,-0.5111917485418606,0.0,0.26510227757506527
work-from-home,-0.1441840159728588,0.014180504695582938,-0.08818535786952052,-0.024734325949056443,0.2336743517446115,-0.3722037165320659,-0.5024871579825458,0.052253203990805866,0.189597597959968,-0.19571602362990212,0.023650062044867158,0.28381599934315904,-0.06959094877027341,0.26510227757506527,0.0
