,flu,cough,fever,headache,lagnat,rashes,sipon,ubo,ecq,face-shield,Frontliners,masks,Quarantine,social-distancing,work-from-home
flu,0.0,0.4300308202810825,0.2835706372656041,0.2955977834657326,0.19428112336010192,-0.5738989577187704,0.06957987548172613,-0.0129007755873598,-0.6081934320757701,0.5693932293137837,-0.4352698902526216,0.33514303685854613,-0.3551265840697876,0.24717321450618993,0.44738176160168525
cough,0.4300308202810825,0.0,0.6721622347523288,0.30022098740772774,0.18623428641006537,-0.4643127818783832,-0.008566990911275808,-0.12523295406108992,-0.6807173590653331,0.34589950096844035,-0.5233359513083329,0.5081533732577356,-0.4079744043372665,-0.2624208873287214,0.4158344366040393
fever,0.2835706372656041,0.6721622347523288,0.0,0.09559384994772452,0.2207718695277201,-0.1817983008032466,-0.131140140595378,-0.13765409368670167,-0.6455127305094006,0.31937829004755675,-0.4453632319313131,0.5076628366221556,-0.5125985926785902,-0.18459778379752487,0.28457572073029164
headache,0.2955977834657326,0.30022098740772774,0.09559384994772452,0.0,0.13212234778556886,-0.22097332101135353,-0.038507202143159114,-0.056923780535904495,-0.2681259475648678,0.1627191872987731,-0.08449459983611332,0.11059375759820973,-0.30537027029362585,-0.06089153293519273,0.16747828445363205
lagnat,0.19428112336010192,0.18623428641006537,0.2207718695277201,0.13212234778556886,0.0,0.03422177986036433,0.0547937701301856,-0.25371552890539784,-0.216407849196722,0.17240484030537936,-0.0819927855494278,0.09204124981700515,-0.11642234480100982,-0.34840748052953946,-0.32751524816801236
rashes,-0.5738989577187704,-0.4643127818783832,-0.1817983008032466,-0.22097332101135353,0.03422177986036433,0.0,0.041077922397528895,0.22299695448105808,0.6271533077342495,-0.19800226573872404,0.4743503783958929,-0.26906576434711094,0.4572119938498636,0.02448175065725138,-0.49477158534503984
sipon,0.06957987548172613,-0.008566990911275808,-0.131140140595378,-0.038507202143159114,0.0547937701301856,0.041077922397528895,0.0,-0.22310272601665612,0.018735579166483052,0.09025365290200212,-0.16721019487117494,0.1411255266822201,0.20732255674257377,-0.03786699570892685,-0.019708874646206555
ubo,-0.0129007755873598,-0.12523295406108992,-0.13765409368670167,-0.056923780535904495,-0.25371552890539784,0.22299695448105808,-0.22310272601665612,0.0,0.11566614508448556,0.324475207800795,0.14136087641852463,0.12497375079935366,-0.041792184166829116,0.326470363553635,0.03465830575656711
ecq,-0.6081934320757701,-0.6807173590653331,-0.6455127305094006,-0.2681259475648678,-0.216407849196722,0.6271533077342495,0.018735579166483052,0.11566614508448556,0.0,-0.5024419060076627,0.732706786055634,-0.5517774877208413,0.7724248574427706,0.1815851859196127,-0.4764209537431113
face-shield,0.5693932293137837,0.34589950096844035,0.31937829004755675,0.1627191872987731,0.17240484030537936,-0.19800226573872404,0.09025365290200212,0.324475207800795,-0.5024419060076627,0.0,-0.21715467166291827,0.4892357330785384,-0.42367780708018704,0.26809822617718504,0.4362767845244151
Frontliners,-0.4352698902526216,-0.5233359513083329,-0.4453632319313131,-0.08449459983611332,-0.0819927855494278,0.4743503783958929,-0.16721019487117494,0.14136087641852463,0.732706786055634,-0.21715467166291827,0.0,-0.37724661245426655,0.3906114682082599,0.3162766221770061,-0.2921601934916686
masks,0.33514303685854613,0.5081533732577356,0.5076628366221556,0.11059375759820973,0.09204124981700515,-0.26906576434711094,0.1411255266822201,0.12497375079935366,-0.5517774877208413,0.4892357330785384,-0.37724661245426655,0.0,-0.3483830216164637,0.011159914382175302,0.45998599281665853
Quarantine,-0.3551265840697876,-0.4079744043372665,-0.5125985926785902,-0.30537027029362585,-0.11642234480100982,0.4572119938498636,0.20732255674257377,-0.041792184166829116,0.7724248574427706,-0.42367780708018704,0.3906114682082599,-0.3483830216164637,0.0,0.12018106990680547,-0.3134887628666518
social-distancing,0.24717321450618993,-0.2624208873287214,-0.18459778379752487,-0.06089153293519273,-0.34840748052953946,0.02448175065725138,-0.03786699570892685,0.326470363553635,0.1815851859196127,0.26809822617718504,0.3162766221770061,0.011159914382175302,0.12018106990680547,0.0,0.0839708598389551
work-from-home,0.44738176160168525,0.4158344366040393,0.28457572073029164,0.16747828445363205,-0.32751524816801236,-0.49477158534503984,-0.019708874646206555,0.03465830575656711,-0.4764209537431113,0.4362767845244151,-0.2921601934916686,0.45998599281665853,-0.3134887628666518,0.0839708598389551,0.0
