,flu,cough,fever,headache,lagnat,rashes,sipon,ubo,ecq,face-shield,Frontliners,masks,Quarantine,social-distancing,work-from-home
flu,0.0,0.2675769950457009,-0.10953137027566957,-0.37330395076307393,-0.22796710377391588,-0.08895759878511429,0.36268474238484055,0.21026199528146283,0.425239948475302,0.5962846898365278,-0.5161552712206716,-0.054000983970533996,0.4860471852819342,0.09562300665314594,-0.21543304215875186
cough,0.2675769950457009,0.0,-0.454227615205466,-0.2790540180926351,-0.056046184732839524,-0.11683349270971492,0.0927166645881019,0.1678052988696273,-0.15993637275859923,0.06505182359510644,-0.138279395828266,-0.06871810963556992,0.044748221983511756,0.09906175439351177,-0.17196316408326273
fever,-0.10953137027566957,-0.454227615205466,0.0,0.06485582905316938,0.06248460815668075,0.2990408085894267,0.13163504414729296,-0.06843641418720296,0.3819595571282692,0.1614284085738509,0.23886838440752195,-0.08672833557483457,0.2556096075260028,-0.2662739362951529,-0.1071514585309168
headache,-0.37330395076307393,-0.2790540180926351,0.06485582905316938,0.0,-0.1789460540563138,0.3743135776072049,-0.19498597428331838,-0.13663834753704537,-0.17638382262123803,-0.15573030002523944,0.417742044563926,-0.11610852967536242,-0.15914567771483043,-0.14383571707338366,-0.3263512893103069
lagnat,-0.22796710377391588,-0.056046184732839524,0.06248460815668075,-0.1789460540563138,0.0,-0.044863045625290685,0.31374881757979006,-0.03189736234637327,0.1140835988297977,0.0898237322056748,-0.10633544766778134,0.13936641585442358,0.14675979972087488,0.024828365026938717,0.3567273074530401
rashes,-0.08895759878511429,-0.11683349270971492,0.2990408085894267,0.3743135776072049,-0.044863045625290685,0.0,0.1432873033777994,-0.016984391215026214,-0.2674227054929057,-0.07097640948260762,0.1852365373752441,-0.2520507293917968,0.021846237193885443,-0.30877199599672117,-0.43646138884980534
sipon,0.36268474238484055,0.0927166645881019,0.13163504414729296,-0.19498597428331838,0.31374881757979006,0.1432873033777994,0.0,0.08586191264070964,0.4554936800198586,0.6013429146098948,-0.33910719652900784,-0.06445577803900583,0.33418987924545474,0.17106318694402578,-0.31564154795359867
ubo,0.21026199528146283,0.1678052988696273,-0.06843641418720296,-0.13663834753704537,-0.03189736234637327,-0.016984391215026214,0.08586191264070964,0.0,0.06411868932902764,0.04787312305463146,-0.2417439988946197,-0.04909659862989465,-0.15676771758052271,-0.35501482010159163,-0.13126472822568203
ecq,0.425239948475302,-0.15993637275859923,0.3819595571282692,-0.17638382262123803,0.1140835988297977,-0.2674227054929057,0.4554936800198586,0.06411868932902764,0.0,0.7124157051405976,-0.3278084658247707,0.1771260554507192,0.6914460325133294,0.12813850086907055,0.011463367179210269
face-shield,0.5962846898365278,0.06505182359510644,0.1614284085738509,-0.15573030002523944,0.0898237322056748,-0.07097640948260762,0.6013429146098948,0.04787312305463146,0.7124157051405976,0.0,-0.40188761026473063,0.04620839964955416,0.7154222129068543,0.2815449608228216,-0.11846742909235539
Frontliners,-0.5161552712206716,-0.138279395828266,0.23886838440752195,0.417742044563926,-0.10633544766778134,0.1852365373752441,-0.33910719652900784,-0.2417439988946197,-0.3278084658247707,-0.40188761026473063,0.0,-0.12199134708248423,-0.2859574377538243,-0.21086867316138264,-0.1001096924625941
masks,-0.054000983970533996,-0.06871810963556992,-0.08672833557483457,-0.11610852967536242,0.13936641585442358,-0.2520507293917968,-0.06445577803900583,-0.04909659862989465,0.1771260554507192,0.04620839964955416,-0.12199134708248423,0.0,0.30588335858572646,0.27231297533588056,0.39864145518903404
Quarantine,0.4860471852819342,0.044748221983511756,0.2556096075260028,-0.15914567771483043,0.14675979972087488,0.021846237193885443,0.33418987924545474,-0.15676771758052271,0.6914460325133294,0.7154222129068543,-0.2859574377538243,0.30588335858572646,0.0,0.34167827280966157,-0.1162475235506414
social-distancing,0.09562300665314594,0.09906175439351177,-0.2662739362951529,-0.14383571707338366,0.024828365026938717,-0.30877199599672117,0.17106318694402578,-0.35501482010159163,0.12813850086907055,0.2815449608228216,-0.21086867316138264,0.27231297533588056,0.34167827280966157,0.0,0.03178277074654795
work-from-home,-0.21543304215875186,-0.17196316408326273,-0.1071514585309168,-0.3263512893103069,0.3567273074530401,-0.43646138884980534,-0.31564154795359867,-0.13126472822568203,0.011463367179210269,-0.11846742909235539,-0.1001096924625941,0.39864145518903404,-0.1162475235506414,0.03178277074654795,0.0
