,flu,cough,fever,headache,lagnat,rashes,sipon,ubo,ecq,face-shield,Frontliners,masks,Quarantine,social-distancing,work-from-home
flu,0.0,-0.0010555543432544299,0.4146797133111504,0.13809104129649444,-0.12101008269296862,0.21334498828800702,0.2723192246769238,0.2491994219446315,0.15694560180897688,0.25878346354282067,-0.028613170159678698,-0.1476709189760981,0.4537638665206241,-0.14509855612780997,0.2824429565903484
cough,-0.0010555543432544299,0.0,0.09235423850031352,0.26132803421186757,0.014544887312222126,0.14522488571028483,-0.015178885745152944,-0.14042989803893655,0.09152239637151495,0.39527406017673733,-0.04491295543457326,-0.05788719226193674,0.02549120107354697,-0.16047419479598016,0.03803467675382629
fever,0.4146797133111504,0.09235423850031352,0.0,0.5036732971036317,-0.011017146401601646,0.5590620958549614,0.2925445339582435,0.15794178410567286,0.08763314683374158,0.1655283254643444,-0.09459986786070779,-0.17287082946442614,0.47155262107608215,-0.1328860729226232,0.037712217700368415
headache,0.13809104129649444,0.26132803421186757,0.5036732971036317,0.0,0.007171154608044479,0.4747779612131938,0.059378941859798584,-0.07931656859988216,-0.2012196733679305,0.09210033905332383,-0.07047975779599237,-0.06449206596419098,-0.038264460636925214,-0.3504741556154842,-0.02862198116946818
lagnat,-0.12101008269296862,0.014544887312222126,-0.011017146401601646,0.007171154608044479,0.0,0.1826248109353134,0.08802800002607986,0.2167392008344668,-0.07689910534364842,0.10871611361257444,0.017232879565629976,-0.14704701640752535,-0.09919977998261428,0.003064983406562609,0.14602616302869442
rashes,0.21334498828800702,0.14522488571028483,0.5590620958549614,0.4747779612131938,0.1826248109353134,0.0,0.32313828083444507,-0.06204577437014152,-0.22285129799584247,0.5219354819051212,-0.03475613901758079,-0.02368837528037945,0.36192714228686795,0.011441420400395712,0.4364481225438857
sipon,0.2723192246769238,-0.015178885745152944,0.2925445339582435,0.059378941859798584,0.08802800002607986,0.32313828083444507,0.0,0.39301744939069755,0.2851361113341583,0.11138212790011467,0.15095029175993133,-0.11255492792119756,0.321137111539457,-0.08525723316425629,-0.04909772772260574
ubo,0.2491994219446315,-0.14042989803893655,0.15794178410567286,-0.07931656859988216,0.2167392008344668,-0.06204577437014152,0.39301744939069755,0.0,0.2599551047351502,-0.226814260025849,-0.10478752596990408,-0.046965744015105663,0.12074362239767081,-0.18525022933491936,-0.049746674570071564
ecq,0.15694560180897688,0.09152239637151495,0.08763314683374158,-0.2012196733679305,-0.07689910534364842,-0.22285129799584247,0.2851361113341583,0.2599551047351502,0.0,-0.2295901030307419,0.42734380350817164,0.18290768075818156,0.45886015961673576,0.09768787790804428,-0.30923181348218026
face-shield,0.25878346354282067,0.39527406017673733,0.1655283254643444,0.09210033905332383,0.10871611361257444,0.5219354819051212,0.11138212790011467,-0.226814260025849,-0.2295901030307419,0.0,-0.1779030213652956,-0.22260822311312445,0.34224263177109415,0.005502085238887561,0.30782267812509656
Frontliners,-0.028613170159678698,-0.04491295543457326,-0.09459986786070779,-0.07047975779599237,0.017232879565629976,-0.03475613901758079,0.15095029175993133,-0.10478752596990408,0.42734380350817164,-0.1779030213652956,0.0,0.5158092182216002,0.21867588803782523,0.06261714435065648,0.014402334679956453
masks,-0.1476709189760981,-0.05788719226193674,-0.17287082946442614,-0.06449206596419098,-0.14704701640752535,-0.02368837528037945,-0.11255492792119756,-0.046965744015105663,0.18290768075818156,-0.22260822311312445,0.5158092182216002,0.0,0.2352065120623923,0.04536841941681983,-0.1511117263474368
Quarantine,0.4537638665206241,0.02549120107354697,0.47155262107608215,-0.038264460636925214,-0.09919977998261428,0.36192714228686795,0.321137111539457,0.12074362239767081,0.45886015961673576,0.34224263177109415,0.21867588803782523,0.2352065120623923,0.0,-0.0557458248516535,0.04867702679709106
social-distancing,-0.14509855612780997,-0.16047419479598016,-0.1328860729226232,-0.3504741556154842,0.003064983406562609,0.011441420400395712,-0.08525723316425629,-0.18525022933491936,0.09768787790804428,0.005502085238887561,0.06261714435065648,0.04536841941681983,-0.0557458248516535,0.0,0.11027584323156302
work-from-home,0.2824429565903484,0.03803467675382629,0.037712217700368415,-0.02862198116946818,0.14602616302869442,0.4364481225438857,-0.04909772772260574,-0.049746674570071564,-0.30923181348218026,0.30782267812509656,0.014402334679956453,-0.1511117263474368,0.04867702679709106,0.11027584323156302,0.0
