,flu,cough,fever,headache,lagnat,rashes,sipon,ubo,ecq,face-shield,Frontliners,masks,Quarantine,social-distancing,work-from-home
flu,0.0,0.4145460209361277,-0.24427539806212603,-0.5219648960412243,-0.18534224999650056,-0.22243984744036732,0.16176465328394218,0.3016888326163168,0.49313564927624326,0.33755553055018417,-0.543484591866332,0.3290650068848299,0.4662139214516246,0.15660457685861467,-0.0031617064430672676
cough,0.4145460209361277,0.0,-0.39974089687522074,-0.4680904771831638,0.21087542007676652,-0.16665567607258208,0.47353808197646197,0.20390201055743956,0.2079703478674088,0.35954083082167243,-0.28564068964814626,0.12611385288990426,0.33833216505900054,0.0673894339977065,-0.12253817609703006
fever,-0.24427539806212603,-0.39974089687522074,0.0,0.4020253478204781,0.016559516311707517,0.5135212292284331,-0.22341192035948212,-0.07858709516026814,0.055209260112324465,-0.0731138597636052,0.186311814005529,-0.11238461189094864,0.061947113965245854,-0.2056623122611233,-0.12293501074224342
headache,-0.5219648960412243,-0.4680904771831638,0.4020253478204781,0.0,-0.12930694230263814,0.4713391224815402,-0.26484551665243466,-0.19561754977965165,-0.31795798219883104,-0.3123450907155381,0.553167732569802,-0.3966421957581368,-0.3271988297208105,-0.15350522943678488,-0.2293549846520746
lagnat,-0.18534224999650056,0.21087542007676652,0.016559516311707517,-0.12930694230263814,0.0,-0.005496014115410318,0.24964067933381612,0.016080399630772135,-0.11488790734941277,0.11676921687228195,-0.1476507440363538,0.03317715852041263,0.13829538975342068,0.025042982738283225,0.30574158422931164
rashes,-0.22243984744036732,-0.16665567607258208,0.5135212292284331,0.4713391224815402,-0.005496014115410318,0.0,-0.13177562184266461,0.1156528701715742,-0.18085620972936953,-0.1475870633140738,0.13010317335382557,-0.2855260439164353,-0.01336948379482212,-0.33626013384610215,-0.353755461424684
sipon,0.16176465328394218,0.47353808197646197,-0.22341192035948212,-0.26484551665243466,0.24964067933381612,-0.13177562184266461,0.0,-0.008376811398185715,0.33756654581786505,0.3440802982021047,-0.09768369449104275,0.12035384609375167,0.22341301060572316,0.2825787478776139,-0.059846978969530076
ubo,0.3016888326163168,0.20390201055743956,-0.07858709516026814,-0.19561754977965165,0.016080399630772135,0.1156528701715742,-0.008376811398185715,0.0,-0.1263185751781141,0.013613203796981452,-0.2649911218521338,-0.08980403175388874,-0.19524542463947886,-0.14059961172781246,0.05590574594491433
ecq,0.49313564927624326,0.2079703478674088,0.055209260112324465,-0.31795798219883104,-0.11488790734941277,-0.18085620972936953,0.33756654581786505,-0.1263185751781141,0.0,0.4867348356297517,-0.34850096591625085,0.37699875298389024,0.6927271390211465,0.28750116004110643,-0.08401784292841943
face-shield,0.33755553055018417,0.35954083082167243,-0.0731138597636052,-0.3123450907155381,0.11676921687228195,-0.1475870633140738,0.3440802982021047,0.013613203796981452,0.4867348356297517,0.0,-0.29801751848299735,0.4546304125920625,0.52870310475892,0.4596185628767505,-0.06491122440990948
Frontliners,-0.543484591866332,-0.28564068964814626,0.186311814005529,0.553167732569802,-0.1476507440363538,0.13010317335382557,-0.09768369449104275,-0.2649911218521338,-0.34850096591625085,-0.29801751848299735,0.0,-0.13096514676218124,-0.22355238098620678,-0.24792292228277993,-0.15378815719712202
masks,0.3290650068848299,0.12611385288990426,-0.11238461189094864,-0.3966421957581368,0.03317715852041263,-0.2855260439164353,0.12035384609375167,-0.08980403175388874,0.37699875298389024,0.4546304125920625,-0.13096514676218124,0.0,0.5052312698636893,0.30721281562416064,0.3542666143907607
Quarantine,0.4662139214516246,0.33833216505900054,0.061947113965245854,-0.3271988297208105,0.13829538975342068,-0.01336948379482212,0.22341301060572316,-0.19524542463947886,0.6927271390211465,0.52870310475892,-0.22355238098620678,0.5052312698636893,0.0,0.35935818301433087,0.013674749923648094
social-distancing,0.15660457685861467,0.0673894339977065,-0.2056623122611233,-0.15350522943678488,0.025042982738283225,-0.33626013384610215,0.2825787478776139,-0.14059961172781246,0.28750116004110643,0.4596185628767505,-0.24792292228277993,0.30721281562416064,0.35935818301433087,0.0,0.12717150173463077
work-from-home,-0.0031617064430672676,-0.12253817609703006,-0.12293501074224342,-0.2293549846520746,0.30574158422931164,-0.353755461424684,-0.059846978969530076,0.05590574594491433,-0.08401784292841943,-0.06491122440990948,-0.15378815719712202,0.3542666143907607,0.013674749923648094,0.12717150173463077,0.0
