,flu,cough,fever,headache,lagnat,rashes,sipon,ubo,ecq,face-shield,Frontliners,masks,Quarantine,social-distancing,work-from-home
flu,0.0,0.2538035982407337,-0.11167833537033597,-0.2478170991687241,-0.22003053132789427,-0.09456387629378858,0.07404455930595691,0.19987814470490117,0.2590560171741736,0.39444568220057646,0.1036865183638147,-0.39286304584131587,0.2854283216889163,-0.20334241637481648,0.10995864677322728
cough,0.2538035982407337,0.0,-0.33245280138548333,0.15444109682405352,-0.26445122759138445,-0.1902559430090812,-0.31522732470581666,-0.12725197548688047,-0.24668357061270169,0.07400191857216676,0.13610338256075694,-0.10997881968264948,0.12836058881900164,-0.04644865748439223,0.011032810728695814
fever,-0.11167833537033597,-0.33245280138548333,0.0,-0.1265452580254788,0.0535406503551046,0.19772540298874944,0.30779412952756985,-0.12453513093140924,-0.038921270723196295,-0.24046247013879415,-0.26301466486945413,0.09287656329739329,-0.22410083369279965,0.15361960727087073,-0.08549817666427163
headache,-0.2478170991687241,0.15444109682405352,-0.1265452580254788,0.0,-0.038509367275271586,0.018018639411908805,-0.11896313377152648,-0.08319023151456466,-0.33409493223478487,-0.07696714668825631,-0.10624892449399446,-0.05254319817011438,0.004882144541480526,0.019370750399234776,-0.13353631638219654
lagnat,-0.22003053132789427,-0.26445122759138445,0.0535406503551046,-0.038509367275271586,0.0,-0.02147268143542007,0.0419728895557923,-0.0970210269263927,-0.21094431403343467,-0.2719987171537018,-0.32107874850389784,0.17938990739732527,-0.3415629173950325,0.1266261332442509,0.2629321819286976
rashes,-0.09456387629378858,-0.1902559430090812,0.19772540298874944,0.018018639411908805,-0.02147268143542007,0.0,0.44779524968639095,-0.3436809157324689,-0.4350538346774926,-0.1628952408586851,-0.3674287771807069,-0.1627334606098641,-0.2164528041475402,0.21287479488545444,-0.4298032588077196
sipon,0.07404455930595691,-0.31522732470581666,0.30779412952756985,-0.11896313377152648,0.0419728895557923,0.44779524968639095,0.0,-0.27696209911252645,-0.2321446124938462,-0.05872030281386951,-0.2997265279941433,-0.0646591348333816,-0.17513661473610084,-0.030655985595844006,-0.4352837805631735
ubo,0.19987814470490117,-0.12725197548688047,-0.12453513093140924,-0.08319023151456466,-0.0970210269263927,-0.3436809157324689,-0.27696209911252645,0.0,0.5397063606963228,0.23907026710470952,0.20914906072774558,-0.019887403122334814,0.11583346875588958,-0.3126026583210393,0.056955315134482626
ecq,0.2590560171741736,-0.24668357061270169,-0.038921270723196295,-0.33409493223478487,-0.21094431403343467,-0.4350538346774926,-0.2321446124938462,0.5397063606963228,0.0,0.3098489858723845,0.5022652701345208,0.0863620161332481,0.4624869364288058,-0.23035230759934047,0.3660950945050222
face-shield,0.39444568220057646,0.07400191857216676,-0.24046247013879415,-0.07696714668825631,-0.2719987171537018,-0.1628952408586851,-0.05872030281386951,0.23907026710470952,0.3098489858723845,0.0,0.7293589996951271,-0.3476863269600898,0.6665540921863603,-0.6392617582390075,-0.035420644677300155
Frontliners,0.1036865183638147,0.13610338256075694,-0.26301466486945413,-0.10624892449399446,-0.32107874850389784,-0.3674287771807069,-0.2997265279941433,0.20914906072774558,0.5022652701345208,0.7293589996951271,0.0,-0.14706582547977065,0.8192239508578075,-0.5521555973402198,0.11115783916419769
masks,-0.39286304584131587,-0.10997881968264948,0.09287656329739329,-0.05254319817011438,0.17938990739732527,-0.1627334606098641,-0.0646591348333816,-0.019887403122334814,0.0863620161332481,-0.3476863269600898,-0.14706582547977065,0.0,-0.01465057021975444,0.32509389065098976,0.23728073812152922
Quarantine,0.2854283216889163,0.12836058881900164,-0.22410083369279965,0.004882144541480526,-0.3415629173950325,-0.2164528041475402,-0.17513661473610084,0.11583346875588958,0.4624869364288058,0.6665540921863603,0.8192239508578075,-0.01465057021975444,0.0,-0.4617124265112231,0.1700865267165793
social-distancing,-0.20334241637481648,-0.04644865748439223,0.15361960727087073,0.019370750399234776,0.1266261332442509,0.21287479488545444,-0.030655985595844006,-0.3126026583210393,-0.23035230759934047,-0.6392617582390075,-0.5521555973402198,0.32509389065098976,-0.4617124265112231,0.0,0.10296623993392204
work-from-home,0.10995864677322728,0.011032810728695814,-0.08549817666427163,-0.13353631638219654,0.2629321819286976,-0.4298032588077196,-0.4352837805631735,0.056955315134482626,0.3660950945050222,-0.035420644677300155,0.11115783916419769,0.23728073812152922,0.1700865267165793,0.10296623993392204,0.0
