,flu,cough,fever,headache,lagnat,rashes,sipon,ubo,ecq,face-shield,Frontliners,masks,Quarantine,social-distancing,work-from-home
flu,0.0,0.8345220534674685,0.34169726622646235,0.26334971074925506,0.0019164801721261574,-0.08263842420635381,0.46226236990837716,0.19770366523074384,0.7766647292184706,0.5766090324480051,0.01851055686135067,0.13184019316716553,0.482362250626291,-0.172244209571109,0.34109716460309103
cough,0.8345220534674685,0.0,0.3089715881205838,0.13389409923565496,-0.07099964901820144,-0.11934018637365856,0.6151835368602651,0.18231802132472816,0.7738963574391801,0.43656128555728957,-0.07722662866076728,0.05678196938843539,0.46333626924244675,-0.24481032961003532,0.24027261436312822
fever,0.34169726622646235,0.3089715881205838,0.0,0.4600166765881611,-0.008297980175123093,-0.022387871042262322,0.23037143855667283,0.22563476267932067,0.2990557640971093,0.1914064754987733,-0.19189460669724073,0.16106233643292503,0.08240770016988233,0.10605772530301877,-0.020930663607196892
headache,0.26334971074925506,0.13389409923565496,0.4600166765881611,0.0,-0.1621239038472089,0.21742857093260376,0.3060641291342314,0.17265853807751824,0.22349098520390911,0.015325198785465526,-0.18490018625856705,0.4252180238222192,-0.036541882571803214,0.22966854836917397,0.13436134035152114
lagnat,0.0019164801721261574,-0.07099964901820144,-0.008297980175123093,-0.1621239038472089,0.0,-0.251221280319835,-0.11044184030680826,0.2954206106893775,-0.13187545507188309,0.10484054368716363,-0.1188975074672253,-0.017616050165561836,-0.19945526739299452,0.07965366617989433,0.11768124556851825
rashes,-0.08263842420635381,-0.11934018637365856,-0.022387871042262322,0.21742857093260376,-0.251221280319835,0.0,0.20167455079942292,0.11381611619784988,-0.010019613202106266,-0.23595150499491035,-0.0736219057182913,0.05167764344302335,-0.10221978042314453,0.08655901250319757,-0.2239716627347516
sipon,0.46226236990837716,0.6151835368602651,0.23037143855667283,0.3060641291342314,-0.11044184030680826,0.20167455079942292,0.0,0.23493414668036702,0.5551739244305198,-0.038369155310104285,-0.06568363412300146,0.001705333588672412,0.2743584887849579,-0.2342240236036673,0.08304561936255027
ubo,0.19770366523074384,0.18231802132472816,0.22563476267932067,0.17265853807751824,0.2954206106893775,0.11381611619784988,0.23493414668036702,0.0,0.19525864787752664,0.2801840552680974,0.1906635226817763,-0.10145823728672435,-0.03317476729994531,-0.08897137350147204,0.18100466578214283
ecq,0.7766647292184706,0.7738963574391801,0.2990557640971093,0.22349098520390911,-0.13187545507188309,-0.010019613202106266,0.5551739244305198,0.19525864787752664,0.0,0.22235764408244496,0.2139837673664664,-0.07485657181053992,0.7754851596060964,-0.19680283963204678,0.3197040780193674
face-shield,0.5766090324480051,0.43656128555728957,0.1914064754987733,0.015325198785465526,0.10484054368716363,-0.23595150499491035,-0.038369155310104285,0.2801840552680974,0.22235764408244496,0.0,0.07236234960876582,0.009563270208278782,0.22629552225108648,-0.2593456594215614,0.24239719303308563
Frontliners,0.01851055686135067,-0.07722662866076728,-0.19189460669724073,-0.18490018625856705,-0.1188975074672253,-0.0736219057182913,-0.06568363412300146,0.1906635226817763,0.2139837673664664,0.07236234960876582,0.0,-0.5323284886222918,0.4681850745870155,0.02857956816819832,0.10727141076016317
masks,0.13184019316716553,0.05678196938843539,0.16106233643292503,0.4252180238222192,-0.017616050165561836,0.05167764344302335,0.001705333588672412,-0.10145823728672435,-0.07485657181053992,0.009563270208278782,-0.5323284886222918,0.0,-0.3178424404840314,0.248281077308234,0.05462042202026812
Quarantine,0.482362250626291,0.46333626924244675,0.08240770016988233,-0.036541882571803214,-0.19945526739299452,-0.10221978042314453,0.2743584887849579,-0.03317476729994531,0.7754851596060964,0.22629552225108648,0.4681850745870155,-0.3178424404840314,0.0,-0.13330923901295882,0.3286165806617648
social-distancing,-0.172244209571109,-0.24481032961003532,0.10605772530301877,0.22966854836917397,0.07965366617989433,0.08655901250319757,-0.2342240236036673,-0.08897137350147204,-0.19680283963204678,-0.2593456594215614,0.02857956816819832,0.248281077308234,-0.13330923901295882,0.0,-0.1332579790494856
work-from-home,0.34109716460309103,0.24027261436312822,-0.020930663607196892,0.13436134035152114,0.11768124556851825,-0.2239716627347516,0.08304561936255027,0.18100466578214283,0.3197040780193674,0.24239719303308563,0.10727141076016317,0.05462042202026812,0.3286165806617648,-0.1332579790494856,0.0
