,flu,cough,fever,headache,lagnat,rashes,sipon,ubo,ecq,face-shield,Frontliners,masks,Quarantine,social-distancing,work-from-home
flu,0.0,0.1755569100363333,0.17200872739620193,-0.12597395693031901,-0.09365700527045491,-0.05550039328020424,0.27790538323515185,0.35139711023008063,0.26453723455943234,0.0678120444379946,0.17585283456354123,-0.35465858019155805,0.31961244362462365,-0.05402497411049939,-0.051144526003536715
cough,0.1755569100363333,0.0,0.14089086755026545,-0.20855530595756192,-0.14151704217981892,-0.06434204585948006,0.25159290941693885,0.25710215759536775,0.2803795765569842,0.27802771372416396,0.11185186050623559,-0.08981380175723115,0.2983706518565408,-0.13357129873888893,-0.30215383464368145
fever,0.17200872739620193,0.14089086755026545,0.0,0.149723039202847,-0.03861486921955224,0.40360533776937335,-0.007381789638808927,0.11263847132242406,0.22915417084324557,-0.25250317990993554,0.31955804297207147,0.1908548198064167,0.14077115377152086,-0.048768164115506794,-0.09049586021681873
headache,-0.12597395693031901,-0.20855530595756192,0.149723039202847,0.0,-0.3618450393028227,0.2687750979801159,-0.08006514096255198,-0.26832238861400914,-0.15401360776226414,-0.05048317042820785,0.2048882816581103,0.3235446752823206,-0.22028896897999348,0.14526444557325383,0.16280720627852538
lagnat,-0.09365700527045491,-0.14151704217981892,-0.03861486921955224,-0.3618450393028227,0.0,0.1890224657230745,0.04453936069169642,0.10363822589667586,-0.0070795445346195866,-0.01036992201426783,0.14319993873529296,0.12196280223098742,0.07270227384186767,-0.21511996866513738,-0.06617180127567995
rashes,-0.05550039328020424,-0.06434204585948006,0.40360533776937335,0.2687750979801159,0.1890224657230745,0.0,0.00784724545007792,0.07160813981857646,-0.01533037483142259,0.05644687868146966,0.20173880354455517,0.44234373167110586,-0.11185031355162262,0.21291873542693066,0.12419394120756215
sipon,0.27790538323515185,0.25159290941693885,-0.007381789638808927,-0.08006514096255198,0.04453936069169642,0.00784724545007792,0.0,0.5486497019585878,0.4882292814413431,-0.11846810189070978,0.12920449044872503,-0.23800934787429084,0.5149169317070319,-0.33859511866793696,-0.5317035799844962
ubo,0.35139711023008063,0.25710215759536775,0.11263847132242406,-0.26832238861400914,0.10363822589667586,0.07160813981857646,0.5486497019585878,0.0,0.3945530418516363,-0.1920294522943383,-0.05236849649118802,-0.24901191749756874,0.3933401451507967,-0.37609542303948645,-0.2654876124263827
ecq,0.26453723455943234,0.2803795765569842,0.22915417084324557,-0.15401360776226414,-0.0070795445346195866,-0.01533037483142259,0.4882292814413431,0.3945530418516363,0.0,-0.13151033464376952,0.4500254598588027,-0.04245797333305456,0.8933898365814563,-0.18603878431508838,-0.466324317170101
face-shield,0.0678120444379946,0.27802771372416396,-0.25250317990993554,-0.05048317042820785,-0.01036992201426783,0.05644687868146966,-0.11846810189070978,-0.1920294522943383,-0.13151033464376952,0.0,-0.026809469361393765,-0.06817984548307539,0.03473195729111505,0.12542430203701777,0.17036648799193949
Frontliners,0.17585283456354123,0.11185186050623559,0.31955804297207147,0.2048882816581103,0.14319993873529296,0.20173880354455517,0.12920449044872503,-0.05236849649118802,0.4500254598588027,-0.026809469361393765,0.0,0.34572757597328757,0.4021870586638112,0.20446706881190127,-0.01310194706313645
masks,-0.35465858019155805,-0.08981380175723115,0.1908548198064167,0.3235446752823206,0.12196280223098742,0.44234373167110586,-0.23800934787429084,-0.24901191749756874,-0.04245797333305456,-0.06817984548307539,0.34572757597328757,0.0,-0.05578703719454967,0.25222581065356076,0.24084170038386973
Quarantine,0.31961244362462365,0.2983706518565408,0.14077115377152086,-0.22028896897999348,0.07270227384186767,-0.11185031355162262,0.5149169317070319,0.3933401451507967,0.8933898365814563,0.03473195729111505,0.4021870586638112,-0.05578703719454967,0.0,-0.24362408433326616,-0.41176732456273785
social-distancing,-0.05402497411049939,-0.13357129873888893,-0.048768164115506794,0.14526444557325383,-0.21511996866513738,0.21291873542693066,-0.33859511866793696,-0.37609542303948645,-0.18603878431508838,0.12542430203701777,0.20446706881190127,0.25222581065356076,-0.24362408433326616,0.0,0.6726576415605753
work-from-home,-0.051144526003536715,-0.30215383464368145,-0.09049586021681873,0.16280720627852538,-0.06617180127567995,0.12419394120756215,-0.5317035799844962,-0.2654876124263827,-0.466324317170101,0.17036648799193949,-0.01310194706313645,0.24084170038386973,-0.41176732456273785,0.6726576415605753,0.0
