,flu,cough,fever,headache,lagnat,rashes,sipon,ubo,ecq,face-shield,Frontliners,masks,Quarantine,social-distancing,work-from-home
flu,0.0,0.11092128582849027,-0.10430053166485284,0.026999708782710196,-0.1413496140906278,-0.25976173684291315,-0.1267693310823882,-0.43635204640685177,0.7065631237134598,-0.20675940128597328,0.0136711731264388,-0.055113177606808124,0.3727877702051463,-0.40216458251855625,0.11962193575171066
cough,0.11092128582849027,0.0,0.17357019495613404,0.4440638030333615,0.18732855038770863,0.06014059606285457,-0.14120934111482972,-0.031421707579702474,-0.1132089291236084,0.11362068217436504,-0.3299397928903006,-0.04104713711392157,0.007491848305571524,0.16166681651789397,-0.11512120518661675
fever,-0.10430053166485284,0.17357019495613404,0.0,0.21201392198730276,0.021457946990802734,-0.0722992768486644,-0.04860464161095564,0.13197287221622162,-0.2658091620519124,0.1148703456869787,-0.33584716179113183,0.32274078197287953,-0.25802895428384276,0.3016332654206111,-0.18480346944578022
headache,0.026999708782710196,0.4440638030333615,0.21201392198730276,0.0,-0.15415308431230018,-0.047065006792406765,0.22069516061558486,0.04636130992225891,-0.15660309532344868,-0.0018761303231304622,-0.3678208596366713,0.4336688124302422,-0.3730025681230477,0.11667685905754621,-0.03633972560970643
lagnat,-0.1413496140906278,0.18732855038770863,0.021457946990802734,-0.15415308431230018,0.0,-0.21575993047868197,-0.13732780308264728,0.19508200771194933,-0.001929022785919471,-0.2184655131583689,0.1118969779039814,-0.17906601370611014,0.015523378880021517,0.14980149298409287,-0.008345574289863902
rashes,-0.25976173684291315,0.06014059606285457,-0.0722992768486644,-0.047065006792406765,-0.21575993047868197,0.0,0.13848580546781933,0.3029981920090187,-0.5321533036797038,0.39947735275473345,-0.17528859247705636,0.3659652199531177,-0.47833757666666876,0.03765483510332169,-0.3987747638812906
sipon,-0.1267693310823882,-0.14120934111482972,-0.04860464161095564,0.22069516061558486,-0.13732780308264728,0.13848580546781933,0.0,0.07192848107938159,-0.1719628679172187,0.09780034326061969,-0.024228346876972853,0.3167693396315826,-0.2632737372809485,0.04914553505177909,0.19551577287658403
ubo,-0.43635204640685177,-0.031421707579702474,0.13197287221622162,0.04636130992225891,0.19508200771194933,0.3029981920090187,0.07192848107938159,0.0,-0.2932810383135881,0.24418518122765873,-0.02669205823234721,0.0852745547152509,-0.3415023044473712,0.2873254613513406,-0.2603829854979127
ecq,0.7065631237134598,-0.1132089291236084,-0.2658091620519124,-0.15660309532344868,-0.001929022785919471,-0.5321533036797038,-0.1719628679172187,-0.2932810383135881,0.0,-0.5267897085817499,0.24966989174474383,-0.21981129092120588,0.6102344286012673,-0.41228244820265686,0.3144298649612235
face-shield,-0.20675940128597328,0.11362068217436504,0.1148703456869787,-0.0018761303231304622,-0.2184655131583689,0.39947735275473345,0.09780034326061969,0.24418518122765873,-0.5267897085817499,0.0,-0.09979478588469072,0.0020734171067867866,-0.043395662962901614,0.049730661123272075,-0.5278839181100191
Frontliners,0.0136711731264388,-0.3299397928903006,-0.33584716179113183,-0.3678208596366713,0.1118969779039814,-0.17528859247705636,-0.024228346876972853,-0.02669205823234721,0.24966989174474383,-0.09979478588469072,0.0,-0.18419381268656726,0.42335859342077037,-0.22550877066124989,0.1613411530063534
masks,-0.055113177606808124,-0.04104713711392157,0.32274078197287953,0.4336688124302422,-0.17906601370611014,0.3659652199531177,0.3167693396315826,0.0852745547152509,-0.21981129092120588,0.0020734171067867866,-0.18419381268656726,0.0,-0.5658498081687574,0.214879446148707,-0.06014289586892746
Quarantine,0.3727877702051463,0.007491848305571524,-0.25802895428384276,-0.3730025681230477,0.015523378880021517,-0.47833757666666876,-0.2632737372809485,-0.3415023044473712,0.6102344286012673,-0.043395662962901614,0.42335859342077037,-0.5658498081687574,0.0,-0.3153717976638633,0.2765080225340805
social-distancing,-0.40216458251855625,0.16166681651789397,0.3016332654206111,0.11667685905754621,0.14980149298409287,0.03765483510332169,0.04914553505177909,0.2873254613513406,-0.41228244820265686,0.049730661123272075,-0.22550877066124989,0.214879446148707,-0.3153717976638633,0.0,0.235045846207921
work-from-home,0.11962193575171066,-0.11512120518661675,-0.18480346944578022,-0.03633972560970643,-0.008345574289863902,-0.3987747638812906,0.19551577287658403,-0.2603829854979127,0.3144298649612235,-0.5278839181100191,0.1613411530063534,-0.06014289586892746,0.2765080225340805,0.235045846207921,0.0
