,flu,cough,fever,headache,lagnat,rashes,sipon,ubo,ecq,face-shield,Frontliners,masks,Quarantine,social-distancing,work-from-home
flu,0.0,0.8059599607770581,0.21034603803207125,0.16279984128616193,0.10619807081344107,-0.08842823426620658,0.4566781602546658,0.3151055348297247,0.780945997928877,0.6123492784009715,0.1152274343605025,0.08889767794400665,0.5150071408675903,-0.1684150088493671,0.4605146798778653
cough,0.8059599607770581,0.0,0.19362868162144217,0.046458324774225096,0.008066293857593854,-0.12212829149672891,0.6049606573736017,0.23817797386661987,0.7702409466917602,0.44133416213779036,0.026433180421208315,-0.006546368290088231,0.4706328296934029,-0.30711150677671917,0.292518771317122
fever,0.21034603803207125,0.19362868162144217,0.0,0.3652578052247084,0.028175055400603437,0.1257578229245331,0.12350507380490487,0.4018240031098772,0.229227487860322,0.1356016496341401,0.004630598187250898,-0.00046660625626553743,0.04961043203957548,0.17647560091368814,0.03980781932530081
headache,0.16279984128616193,0.046458324774225096,0.3652578052247084,0.0,-0.16083025731712122,0.3081283407988821,0.23634365512744135,0.23099523501511385,0.16049090465098326,-0.04412237945721051,-0.08702244617284217,0.35758516253317496,-0.07314642689599228,0.24940431570150906,0.13888000602301903
lagnat,0.10619807081344107,0.008066293857593854,0.028175055400603437,-0.16083025731712122,0.0,-0.2828622258951475,-0.03221333332946836,0.2599167932349318,-0.06943686999931874,0.19410350484456484,-0.15664808285838427,0.0665248218498096,-0.1306681358392724,0.08757576754467772,0.17046873061835666
rashes,-0.08842823426620658,-0.12212829149672891,0.1257578229245331,0.3081283407988821,-0.2828622258951475,0.0,0.20069797244413737,0.10457663928528013,-0.007287126776733177,-0.2703358675073881,-0.15014572244745303,0.06106297940159318,-0.13159490620227812,0.06578942975652309,-0.27574843782708824
sipon,0.4566781602546658,0.6049606573736017,0.12350507380490487,0.23634365512744135,-0.03221333332946836,0.20069797244413737,0.0,0.29365538825053744,0.5567780629848034,0.011243192001953055,0.010940120553565354,-0.03243989883987774,0.2969964811584959,-0.2546850888675748,0.16724207482996808
ubo,0.3151055348297247,0.23817797386661987,0.4018240031098772,0.23099523501511385,0.2599167932349318,0.10457663928528013,0.29365538825053744,0.0,0.24980297029899431,0.3315421849226702,0.09485562248035659,-0.005114888401890176,0.02270642811843459,0.05055517360100755,0.2270184041185031
ecq,0.780945997928877,0.7702409466917602,0.229227487860322,0.16049090465098326,-0.06943686999931874,-0.007287126776733177,0.5567780629848034,0.24980297029899431,0.0,0.2580805716935294,0.28825287118524234,-0.09765505057792877,0.7883315298992158,-0.1883788596155171,0.3839103728069834
face-shield,0.6123492784009715,0.44133416213779036,0.1356016496341401,-0.04412237945721051,0.19410350484456484,-0.2703358675073881,0.011243192001953055,0.3315421849226702,0.2580805716935294,0.0,0.10567122538463192,0.028552759407478024,0.27457769282569655,-0.25444339301194324,0.3457078373066601
Frontliners,0.1152274343605025,0.026433180421208315,0.004630598187250898,-0.08702244617284217,-0.15664808285838427,-0.15014572244745303,0.010940120553565354,0.09485562248035659,0.28825287118524234,0.10567122538463192,0.0,-0.47869880944917487,0.5019746218225696,-0.019800249869246105,0.04290590377848372
masks,0.08889767794400665,-0.006546368290088231,-0.00046660625626553743,0.35758516253317496,0.0665248218498096,0.06106297940159318,-0.03243989883987774,-0.005114888401890176,-0.09765505057792877,0.028552759407478024,-0.47869880944917487,0.0,-0.3130763344017161,0.21759320304014837,0.14398349206094124
Quarantine,0.5150071408675903,0.4706328296934029,0.04961043203957548,-0.07314642689599228,-0.1306681358392724,-0.13159490620227812,0.2969964811584959,0.02270642811843459,0.7883315298992158,0.27457769282569655,0.5019746218225696,-0.3130763344017161,0.0,-0.13163049495300727,0.38721148451523846
social-distancing,-0.1684150088493671,-0.30711150677671917,0.17647560091368814,0.24940431570150906,0.08757576754467772,0.06578942975652309,-0.2546850888675748,0.05055517360100755,-0.1883788596155171,-0.25444339301194324,-0.019800249869246105,0.21759320304014837,-0.13163049495300727,0.0,-0.06931098258482678
work-from-home,0.4605146798778653,0.292518771317122,0.03980781932530081,0.13888000602301903,0.17046873061835666,-0.27574843782708824,0.16724207482996808,0.2270184041185031,0.3839103728069834,0.3457078373066601,0.04290590377848372,0.14398349206094124,0.38721148451523846,-0.06931098258482678,0.0
