,flu,cough,fever,headache,lagnat,rashes,sipon,ubo,ecq,face-shield,Frontliners,masks,Quarantine,social-distancing,work-from-home
flu,0.0,-0.1350134288991291,0.01762044118020599,0.17180520970339844,-0.20491094510725416,-0.22503844177104249,0.009939757146246998,-0.1631315476049453,0.47431680029983486,-0.1787414010993905,-0.059300179273560065,0.08080385260986014,0.32399309399833026,-0.2936592357803776,0.12147949780035905
cough,-0.1350134288991291,0.0,0.1936935187537165,0.4516684192548433,0.40089185571889974,0.04438022171351375,-0.16678082374918127,-0.08001697816139824,0.06147077469106185,-0.18225452960613212,-0.4134566393942026,0.10557412064620392,-0.27421819666573655,0.21460249510766716,-0.07115699609627901
fever,0.01762044118020599,0.1936935187537165,0.0,0.03928692564424964,0.08704364911764036,-0.2652440780924692,-0.14423191194951376,-0.10656062761671607,-0.09200439925943169,-0.03530523099749812,-0.31814574013159075,0.10946632436822329,-0.022106622241944093,0.28037177315360884,-0.09712902579512618
headache,0.17180520970339844,0.4516684192548433,0.03928692564424964,0.0,0.051262185584780254,-0.2746080468963479,0.07983274299180582,0.09776565517079251,0.1404627443905009,-0.15678221522873756,-0.13923574133090819,0.08800205823940603,-0.13931790728838264,-0.15497581427033447,-0.0629224887500917
lagnat,-0.20491094510725416,0.40089185571889974,0.08704364911764036,0.051262185584780254,0.0,0.014919576456064697,-0.08809804889047375,0.04809065671432904,-0.18099039802376188,-0.0454398248420138,-0.043656437051092206,0.031082640260441004,-0.3090690418086032,0.02239095599163373,-0.1377899397667761
rashes,-0.22503844177104249,0.04438022171351375,-0.2652440780924692,-0.2746080468963479,0.014919576456064697,0.0,-0.011991781853863117,0.37493641092231605,-0.2895462870885823,0.26384959266371266,0.10952209388263187,0.13028139279040502,-0.2987202560529985,-0.07933308882798941,-0.39683355422193595
sipon,0.009939757146246998,-0.16678082374918127,-0.14423191194951376,0.07983274299180582,-0.08809804889047375,-0.011991781853863117,0.0,0.22388026188013244,-0.0750372494715443,0.17727804997332253,0.07854574560645972,-0.07750007113776623,-0.0786853696852157,-0.10923395574745697,0.2005830851784899
ubo,-0.1631315476049453,-0.08001697816139824,-0.10656062761671607,0.09776565517079251,0.04809065671432904,0.37493641092231605,0.22388026188013244,0.0,-0.3706674211195499,0.31455071330021045,-0.0367298722932782,-0.16674193630455886,-0.3841562930630173,0.04049631129900966,-0.18336772934459739
ecq,0.47431680029983486,0.06147077469106185,-0.09200439925943169,0.1404627443905009,-0.18099039802376188,-0.2895462870885823,-0.0750372494715443,-0.3706674211195499,0.0,-0.5457028124540485,-0.15269717733078134,0.3861542866955221,0.22767162006182923,-0.28570576571299,0.21720591111607326
face-shield,-0.1787414010993905,-0.18225452960613212,-0.03530523099749812,-0.15678221522873756,-0.0454398248420138,0.26384959266371266,0.17727804997332253,0.31455071330021045,-0.5457028124540485,0.0,0.041240551153046694,-0.16596195365933974,0.03309067203277714,0.1995335233064835,-0.330561048796044
Frontliners,-0.059300179273560065,-0.4134566393942026,-0.31814574013159075,-0.13923574133090819,-0.043656437051092206,0.10952209388263187,0.07854574560645972,-0.0367298722932782,-0.15269717733078134,0.041240551153046694,0.0,0.3321446485924153,0.23320108614928323,-0.026905020305592532,0.15325879197089753
masks,0.08080385260986014,0.10557412064620392,0.10946632436822329,0.08800205823940603,0.031082640260441004,0.13028139279040502,-0.07750007113776623,-0.16674193630455886,0.3861542866955221,-0.16596195365933974,0.3321446485924153,0.0,-0.08101595963025048,0.060208259054528736,-0.08258099787713756
Quarantine,0.32399309399833026,-0.27421819666573655,-0.022106622241944093,-0.13931790728838264,-0.3090690418086032,-0.2987202560529985,-0.0786853696852157,-0.3841562930630173,0.22767162006182923,0.03309067203277714,0.23320108614928323,-0.08101595963025048,0.0,0.009177716799533327,0.4001739535002354
social-distancing,-0.2936592357803776,0.21460249510766716,0.28037177315360884,-0.15497581427033447,0.02239095599163373,-0.07933308882798941,-0.10923395574745697,0.04049631129900966,-0.28570576571299,0.1995335233064835,-0.026905020305592532,0.060208259054528736,0.009177716799533327,0.0,0.2982006834639958
work-from-home,0.12147949780035905,-0.07115699609627901,-0.09712902579512618,-0.0629224887500917,-0.1377899397667761,-0.39683355422193595,0.2005830851784899,-0.18336772934459739,0.21720591111607326,-0.330561048796044,0.15325879197089753,-0.08258099787713756,0.4001739535002354,0.2982006834639958,0.0
