,flu,cough,fever,headache,lagnat,rashes,sipon,ubo,ecq,face-shield,Frontliners,masks,Quarantine,social-distancing,work-from-home
flu,0.0,0.6388461816268738,0.5502441857484158,0.3481564622684697,0.047561490940756485,-0.5980439187582891,0.034870985096466627,0.05243632755094453,-0.5926449392572848,0.45374726165589585,-0.4557091872696565,0.30958998196847026,-0.3890395249205526,0.4780943159146077,0.37665356403795325
cough,0.6388461816268738,0.0,0.7157722013639544,0.03956437169114202,-0.15836133593490453,-0.46561896624366567,-0.10639763064556772,0.21585488466797295,-0.5478057006514045,0.49510830429463293,-0.6022035098242065,0.3365225282117196,-0.47682546528128233,0.46132247813911564,0.3615518088857414
fever,0.5502441857484158,0.7157722013639544,0.0,0.016136241072506365,-0.13707570760666307,-0.3424176597091785,-0.22171013402937767,0.18342306677815778,-0.586718021582201,0.25168114732032904,-0.648500051326662,0.22567626750030045,-0.5477238113808338,0.501092426403043,0.19708514384228512
headache,0.3481564622684697,0.03956437169114202,0.016136241072506365,0.0,0.18321227698509412,0.011502480027895121,0.028670605945412785,0.16297236304528862,-0.20819327310158448,0.22612878476067205,0.1990994725583687,0.06173099923650081,-0.17565124593477394,-0.08076451069645336,-0.013917888845327627
lagnat,0.047561490940756485,-0.15836133593490453,-0.13707570760666307,0.18321227698509412,0.0,0.030240900742851847,-3.987357747995611e-05,-0.2800425274163674,0.055166777693437044,-0.11462735770618543,0.13858521577700728,-0.11689877222195372,0.008637549012435549,-0.3218881934852428,-0.42805253139432475
rashes,-0.5980439187582891,-0.46561896624366567,-0.3424176597091785,0.011502480027895121,0.030240900742851847,0.0,-0.1085636913261861,-0.010085553626576,0.44560152531022945,-0.37586873508679736,0.2924393933449086,-0.3550717609169188,0.4289532532641022,-0.33356719562863085,-0.4922211065949319
sipon,0.034870985096466627,-0.10639763064556772,-0.22171013402937767,0.028670605945412785,-3.987357747995611e-05,-0.1085636913261861,0.0,-0.1889514152655063,0.2665844185144566,-0.0996512311185103,0.1977808183544592,0.15257301743616486,0.439420795304537,-0.0780012644158722,0.05571240200328005
ubo,0.05243632755094453,0.21585488466797295,0.18342306677815778,0.16297236304528862,-0.2800425274163674,-0.010085553626576,-0.1889514152655063,0.0,-0.1802768367792847,0.26384374368577895,0.0463537339311071,0.21217374476670994,-0.18562757733075172,0.4123427557763629,0.31861690856578156
ecq,-0.5926449392572848,-0.5478057006514045,-0.586718021582201,-0.20819327310158448,0.055166777693437044,0.44560152531022945,0.2665844185144566,-0.1802768367792847,0.0,-0.28535430088445507,0.6114043827579356,-0.19204117216680625,0.7118865534569376,-0.21641875436914237,-0.2262531122110084
face-shield,0.45374726165589585,0.49510830429463293,0.25168114732032904,0.22612878476067205,-0.11462735770618543,-0.37586873508679736,-0.0996512311185103,0.26384374368577895,-0.28535430088445507,0.0,-0.1726864082439443,0.5267884295493769,-0.30484631210748453,0.544087746979002,0.541086590567829
Frontliners,-0.4557091872696565,-0.6022035098242065,-0.648500051326662,0.1990994725583687,0.13858521577700728,0.2924393933449086,0.1977808183544592,0.0463537339311071,0.6114043827579356,-0.1726864082439443,0.0,-0.20353056374647885,0.45120098939227093,-0.2547241422935327,-0.02225168147775269
masks,0.30958998196847026,0.3365225282117196,0.22567626750030045,0.06173099923650081,-0.11689877222195372,-0.3550717609169188,0.15257301743616486,0.21217374476670994,-0.19204117216680625,0.5267884295493769,-0.20353056374647885,0.0,-0.18171045852933967,0.5268659922267753,0.5536399344021926
Quarantine,-0.3890395249205526,-0.47682546528128233,-0.5477238113808338,-0.17565124593477394,0.008637549012435549,0.4289532532641022,0.439420795304537,-0.18562757733075172,0.7118865534569376,-0.30484631210748453,0.45120098939227093,-0.18171045852933967,0.0,-0.34369954877692666,-0.12511678158769438
social-distancing,0.4780943159146077,0.46132247813911564,0.501092426403043,-0.08076451069645336,-0.3218881934852428,-0.33356719562863085,-0.0780012644158722,0.4123427557763629,-0.21641875436914237,0.544087746979002,-0.2547241422935327,0.5268659922267753,-0.34369954877692666,0.0,0.4882065497526938
work-from-home,0.37665356403795325,0.3615518088857414,0.19708514384228512,-0.013917888845327627,-0.42805253139432475,-0.4922211065949319,0.05571240200328005,0.31861690856578156,-0.2262531122110084,0.541086590567829,-0.02225168147775269,0.5536399344021926,-0.12511678158769438,0.4882065497526938,0.0
