,flu,cough,fever,headache,lagnat,rashes,sipon,ubo,ecq,face-shield,Frontliners,masks,Quarantine,social-distancing,work-from-home
flu,0.0,0.2585867977678025,0.0031354094219738673,-0.22819979523255696,-0.2763423517191309,-0.028260279578879118,0.44416069861328733,0.12374116904998318,0.4962695379045534,0.6221076024960945,-0.467586921457037,-0.0036037841232882326,0.5820178391190607,0.09243652094349518,-0.2095571735744277
cough,0.2585867977678025,0.0,-0.43953720697162935,-0.3216376427563828,-0.048862520300076054,-0.13527107258085044,0.09300836303894797,0.1616854822010911,-0.14182991736788236,0.07089202821174988,-0.1929849408965805,-0.0743820613933369,0.04965212160896509,0.11892720443014156,-0.1643765202561838
fever,0.0031354094219738673,-0.43953720697162935,0.0,0.11793806087417928,0.03003057073713702,0.3117480702045329,0.2053248088895789,-0.11161833900145433,0.4378095292958753,0.21325772744312388,0.2646049146737035,-0.06274454548586228,0.347446926710775,-0.242101060862172,-0.09687265383347743
headache,-0.22819979523255696,-0.3216376427563828,0.11793806087417928,0.0,-0.16523094337435731,0.3221541822743163,-0.09996830078425185,-0.19949078036865533,-0.05303978999425016,-0.07123966007964182,0.2834850993222428,-0.14264780111010253,0.026209153338452956,-0.03386587908601755,-0.28194126669255115
lagnat,-0.2763423517191309,-0.048862520300076054,0.03003057073713702,-0.16523094337435731,0.0,-0.024222204777023314,0.2472642520770191,-0.003306175691282386,0.0497329795448026,0.04633070610705745,-0.05560199331455555,0.14018392764215684,0.04179372176502478,-0.016558690178572304,0.3385212271363512
rashes,-0.028260279578879118,-0.13527107258085044,0.3117480702045329,0.3221541822743163,-0.024222204777023314,0.0,0.17358296881301766,-0.03925298996529771,-0.2084096987644365,-0.03326068441261584,0.08647357752129561,-0.2755472216090812,0.08544833515958046,-0.2593326077724081,-0.4150220497284499
sipon,0.44416069861328733,0.09300836303894797,0.2053248088895789,-0.09996830078425185,0.2472642520770191,0.17358296881301766,0.0,0.020197280806035084,0.517004727044506,0.6287537987865033,-0.3282640178645775,-0.026505342575717163,0.4431995770048668,0.18048147460492925,-0.29974873068197977
ubo,0.12374116904998318,0.1616854822010911,-0.11161833900145433,-0.19949078036865533,-0.003306175691282386,-0.03925298996529771,0.020197280806035084,0.0,0.00046769400535469157,0.005994359916569415,-0.2978616432889058,-0.0682157548109117,-0.22479575580330816,-0.3638752966221132,-0.12923318767622197
ecq,0.4962695379045534,-0.14182991736788236,0.4378095292958753,-0.05303978999425016,0.0497329795448026,-0.2084096987644365,0.517004727044506,0.00046769400535469157,0.0,0.7288953924091518,-0.28197343330604363,0.20857213929409676,0.7295486045063194,0.12408261684841844,0.003018639721063719
face-shield,0.6221076024960945,0.07089202821174988,0.21325772744312388,-0.07123966007964182,0.04633070610705745,-0.03326068441261584,0.6287537987865033,0.005994359916569415,0.7288953924091518,0.0,-0.391369537167226,0.07450045297686535,0.7116145102275064,0.2789758215090555,-0.12410232763525123
Frontliners,-0.467586921457037,-0.1929849408965805,0.2646049146737035,0.2834850993222428,-0.05560199331455555,0.08647357752129561,-0.3282640178645775,-0.2978616432889058,-0.28197343330604363,-0.391369537167226,0.0,-0.188200384369068,-0.19585944709536365,-0.106386923762097,-0.032808569583165914
masks,-0.0036037841232882326,-0.0743820613933369,-0.06274454548586228,-0.14264780111010253,0.14018392764215684,-0.2755472216090812,-0.026505342575717163,-0.0682157548109117,0.20857213929409676,0.07450045297686535,-0.188200384369068,0.0,0.3197983681270126,0.31114014641984855,0.41947551199600075
Quarantine,0.5820178391190607,0.04965212160896509,0.347446926710775,0.026209153338452956,0.04179372176502478,0.08544833515958046,0.4431995770048668,-0.22479575580330816,0.7295486045063194,0.7116145102275064,-0.19585944709536365,0.3197983681270126,0.0,0.3116391172259623,-0.10486104107608096
social-distancing,0.09243652094349518,0.11892720443014156,-0.242101060862172,-0.03386587908601755,-0.016558690178572304,-0.2593326077724081,0.18048147460492925,-0.3638752966221132,0.12408261684841844,0.2789758215090555,-0.106386923762097,0.31114014641984855,0.3116391172259623,0.0,-0.00277526156391372
work-from-home,-0.2095571735744277,-0.1643765202561838,-0.09687265383347743,-0.28194126669255115,0.3385212271363512,-0.4150220497284499,-0.29974873068197977,-0.12923318767622197,0.003018639721063719,-0.12410232763525123,-0.032808569583165914,0.41947551199600075,-0.10486104107608096,-0.00277526156391372,0.0
