,flu,cough,fever,headache,lagnat,rashes,sipon,ubo,ecq,face-shield,Frontliners,masks,Quarantine,social-distancing,work-from-home
flu,0.0,0.07686238274384843,-0.049042375816684344,0.15580302483979455,-0.19629872443615318,-0.19677932214610802,-0.0304810652431192,-0.4508745354821595,0.6662138291950876,-0.2562945855291335,-0.11439153267691411,0.14640551775016417,0.28484860717012755,-0.3594698613261931,0.16197858125756737
cough,0.07686238274384843,0.0,0.1796260159318842,0.5325270970495046,0.21114827421650909,0.08633730105719083,-0.16443153666348637,-0.043761323560273034,-0.12960663798100494,0.0594726839148323,-0.39432987927501434,0.0739847206765091,-0.15352794664374336,0.20082855494066143,-0.1009774595645164
fever,-0.049042375816684344,0.1796260159318842,0.0,0.135119984311327,0.03662001862323838,-0.1441774303880314,-0.09964285539488452,0.1432138756443112,-0.2140775311442554,0.17593023690376766,-0.28007751970866895,0.2248106923312244,-0.10998318370205977,0.2542934634404584,-0.22191577954726113
headache,0.15580302483979455,0.5325270970495046,0.135119984311327,0.0,-0.09491771961976612,-0.20981251984154234,0.08798278006895434,0.060837607507162626,0.008237881811020534,0.09628404056748852,-0.21710575058362674,0.20201394758964158,-0.09776089773581133,-0.004370916089958184,-0.11105484884260143
lagnat,-0.19629872443615318,0.21114827421650909,0.03662001862323838,-0.09491771961976612,0.0,-0.18176181895500537,-0.15051573820139144,0.17634847079818755,-0.031007250514518386,-0.2869855643272021,0.06362548873628776,-0.04855538099025254,-0.20756665453942266,0.2065842803600637,0.013705440754825608
rashes,-0.19677932214610802,0.08633730105719083,-0.1441774303880314,-0.20981251984154234,-0.18176181895500537,0.0,0.050532720533025384,0.32552583165909854,-0.47285756714036575,0.4919380277422343,-0.050325134693367427,0.21480095740184674,-0.34262790660939385,-0.05200457413022164,-0.46912716234931434
sipon,-0.0304810652431192,-0.16443153666348637,-0.09964285539488452,0.08798278006895434,-0.15051573820139144,0.050532720533025384,0.0,0.09541824684403678,-0.0938230530620673,0.21667549133524505,0.11530077430872582,0.0663581710145122,0.0692393026652765,-0.05497299517820616,0.15253303097584645
ubo,-0.4508745354821595,-0.043761323560273034,0.1432138756443112,0.060837607507162626,0.17634847079818755,0.32552583165909854,0.09541824684403678,0.0,-0.32854221701894915,0.25113428041666347,-0.04304337051052634,0.11930462566623636,-0.42867151545127113,0.3015305781132137,-0.2598918674718717
ecq,0.6662138291950876,-0.12960663798100494,-0.2140775311442554,0.008237881811020534,-0.031007250514518386,-0.47285756714036575,-0.0938230530620673,-0.32854221701894915,0.0,-0.6716134786221565,0.11035155314421681,0.08194201789716254,0.4167790664178963,-0.33687334919337864,0.39715472510568217
face-shield,-0.2562945855291335,0.0594726839148323,0.17593023690376766,0.09628404056748852,-0.2869855643272021,0.4919380277422343,0.21667549133524505,0.25113428041666347,-0.6716134786221565,0.0,-0.22287384927180495,0.15046149560081773,-0.16481874492290374,0.10313739326522882,-0.5067195505453198
Frontliners,-0.11439153267691411,-0.39432987927501434,-0.28007751970866895,-0.21710575058362674,0.06362548873628776,-0.050325134693367427,0.11530077430872582,-0.04304337051052634,0.11035155314421681,-0.22287384927180495,0.0,0.1872906822408075,0.13685937317502056,-0.11724212969541453,0.25193922326995205
masks,0.14640551775016417,0.0739847206765091,0.2248106923312244,0.20201394758964158,-0.04855538099025254,0.21480095740184674,0.0663581710145122,0.11930462566623636,0.08194201789716254,0.15046149560081773,0.1872906822408075,0.0,-0.2406135388898516,0.04540899202872793,-0.2134688667763822
Quarantine,0.28484860717012755,-0.15352794664374336,-0.10998318370205977,-0.09776089773581133,-0.20756665453942266,-0.34262790660939385,0.0692393026652765,-0.42867151545127113,0.4167790664178963,-0.16481874492290374,0.13685937317502056,-0.2406135388898516,0.0,-0.17932858184705586,0.4849186334529752
social-distancing,-0.3594698613261931,0.20082855494066143,0.2542934634404584,-0.004370916089958184,0.2065842803600637,-0.05200457413022164,-0.05497299517820616,0.3015305781132137,-0.33687334919337864,0.10313739326522882,-0.11724212969541453,0.04540899202872793,-0.17932858184705586,0.0,0.2052784619547741
work-from-home,0.16197858125756737,-0.1009774595645164,-0.22191577954726113,-0.11105484884260143,0.013705440754825608,-0.46912716234931434,0.15253303097584645,-0.2598918674718717,0.39715472510568217,-0.5067195505453198,0.25193922326995205,-0.2134688667763822,0.4849186334529752,0.2052784619547741,0.0
