,flu,cough,fever,headache,lagnat,rashes,sipon,ubo,ecq,face-shield,Frontliners,masks,Quarantine,social-distancing,work-from-home
flu,0.0,0.4553472326132945,0.26920061863866945,-0.04548925286001574,0.6794753381260527,-0.28394645027745885,0.02944274883598998,0.3305607120287085,0.4079156530620283,0.833224498634022,-0.33097255981021584,0.3693941297277118,0.29107398804447016,0.0633332186116571,0.41909995403249356
cough,0.4553472326132945,0.0,0.023784536527280492,-0.11468213517149389,0.12262830869819248,-0.2517815313014205,0.21879318051865337,0.1418475690169801,0.13331966300520423,0.47839806189146244,0.05971511711634264,0.1342364187378973,0.04785782542588028,-0.28812845235583767,0.07731425772561637
fever,0.26920061863866945,0.023784536527280492,0.0,0.2909043721788938,0.09996241627913444,0.2435455518125242,-0.05809698438599815,0.18678455120657092,-0.08360004734492324,0.22458976261264085,-0.15598277955072037,-0.2489364516354485,-0.09167100826660268,0.06851146865721754,0.07249915836117564
headache,-0.04548925286001574,-0.11468213517149389,0.2909043721788938,0.0,-0.11899583582909552,0.18550612928124774,-0.02113941781943678,-0.03843123997555161,-0.08092684364872614,-0.0662090417489486,0.2828980287235974,-0.020439844086301232,-0.14556810424632602,0.1382316476598276,0.035817854818434004
lagnat,0.6794753381260527,0.12262830869819248,0.09996241627913444,-0.11899583582909552,0.0,-0.17259625963745592,0.04774579635205034,0.23747691428689313,0.18348171012647968,0.5770638404112624,-0.3027750243208611,0.23855432100772228,-0.020240129649434453,-0.09413157370969154,0.26362939426722726
rashes,-0.28394645027745885,-0.2517815313014205,0.2435455518125242,0.18550612928124774,-0.17259625963745592,0.0,0.02041838592985789,0.10640409759728843,-0.2646426383705925,-0.3644837382909688,0.045978771205519756,-0.31069058785157394,-0.2670638882176261,0.003560022396341956,-0.4073283361939017
sipon,0.02944274883598998,0.21879318051865337,-0.05809698438599815,-0.02113941781943678,0.04774579635205034,0.02041838592985789,0.0,0.09051154569238078,0.0812056224997584,0.08908299739700086,0.05587347715290929,-0.2461745893683502,-0.015106098006711343,-0.17360371181499454,-0.03714049610806765
ubo,0.3305607120287085,0.1418475690169801,0.18678455120657092,-0.03843123997555161,0.23747691428689313,0.10640409759728843,0.09051154569238078,0.0,-0.0068718211188995215,0.2760424162629484,-0.2984342697253609,0.09209973399107618,-0.12602506031905888,0.05141129686017969,0.36949728771490753
ecq,0.4079156530620283,0.13331966300520423,-0.08360004734492324,-0.08092684364872614,0.18348171012647968,-0.2646426383705925,0.0812056224997584,-0.0068718211188995215,0.0,0.30825584626608615,0.23720472385872474,-0.0815591421900036,0.8942305233039672,-0.017417842532597875,0.604155577297431
face-shield,0.833224498634022,0.47839806189146244,0.22458976261264085,-0.0662090417489486,0.5770638404112624,-0.3644837382909688,0.08908299739700086,0.2760424162629484,0.30825584626608615,0.0,-0.33895796948289103,0.26578467931101296,0.19261539223768626,-0.14202465205416373,0.4890534259272183
Frontliners,-0.33097255981021584,0.05971511711634264,-0.15598277955072037,0.2828980287235974,-0.3027750243208611,0.045978771205519756,0.05587347715290929,-0.2984342697253609,0.23720472385872474,-0.33895796948289103,0.0,-0.32834299961273367,0.32864019555595064,0.07940807715351227,0.09365991709410738
masks,0.3693941297277118,0.1342364187378973,-0.2489364516354485,-0.020439844086301232,0.23855432100772228,-0.31069058785157394,-0.2461745893683502,0.09209973399107618,-0.0815591421900036,0.26578467931101296,-0.32834299961273367,0.0,-0.07696812940877681,0.2797654900279662,0.06653828950286822
Quarantine,0.29107398804447016,0.04785782542588028,-0.09167100826660268,-0.14556810424632602,-0.020240129649434453,-0.2670638882176261,-0.015106098006711343,-0.12602506031905888,0.8942305233039672,0.19261539223768626,0.32864019555595064,-0.07696812940877681,0.0,0.06332736919871332,0.5077603500187996
social-distancing,0.0633332186116571,-0.28812845235583767,0.06851146865721754,0.1382316476598276,-0.09413157370969154,0.003560022396341956,-0.17360371181499454,0.05141129686017969,-0.017417842532597875,-0.14202465205416373,0.07940807715351227,0.2797654900279662,0.06332736919871332,0.0,0.06332936498551338
work-from-home,0.41909995403249356,0.07731425772561637,0.07249915836117564,0.035817854818434004,0.26362939426722726,-0.4073283361939017,-0.03714049610806765,0.36949728771490753,0.604155577297431,0.4890534259272183,0.09365991709410738,0.06653828950286822,0.5077603500187996,0.06332936498551338,0.0
