,flu,cough,fever,headache,lagnat,rashes,sipon,ubo,ecq,face-shield,Frontliners,masks,Quarantine,social-distancing,work-from-home
flu,0.0,0.2980753598914752,0.1914189315311207,-0.019435090339814914,-0.32969551311423123,0.06064601825202594,0.2776659794586378,-0.03889700034202391,0.32885853322786207,0.6321739388937868,0.10628476944079042,-0.24158355911973975,0.5368206609388774,-0.0510071598661499,-0.183661691956681
cough,0.2980753598914752,0.0,-0.3034960214383703,-0.1626854791112503,-0.15176807095466455,-0.07291754568666182,-0.193170877643867,0.1279376110007382,-0.24228436046167054,0.11803001393646723,0.37891528721256695,-0.1664660275668129,0.11489165242782133,0.0259454477147306,-0.01591655197846555
fever,0.1914189315311207,-0.3034960214383703,0.0,-0.04923009140633705,0.1372969996153984,0.19372257944709048,0.3207496973967262,-0.10375419138377133,0.5700457112829407,0.33687388096496096,-0.054144334327466535,0.030099541202657856,0.4126266495511874,-0.19010957491204952,-0.04014125719230923
headache,-0.019435090339814914,-0.1626854791112503,-0.04923009140633705,0.0,-0.09405615311579626,0.14172460006455065,-0.11147386237016257,0.013474941482815684,-0.03415517172421035,0.10502512177711296,-0.03907371946114443,-0.037900143848717274,0.16662752520405594,-0.036342090302317026,-0.10621350242861238
lagnat,-0.32969551311423123,-0.15176807095466455,0.1372969996153984,-0.09405615311579626,0.0,0.02925850612050888,0.10206323548515206,0.11665148110051815,0.0011394708640031078,-0.10955305574465934,-0.051635415621245594,0.17712449522238968,-0.09577668130653365,0.02644599323462556,0.3107574237267911
rashes,0.06064601825202594,-0.07291754568666182,0.19372257944709048,0.14172460006455065,0.02925850612050888,0.0,0.28794454599443287,-0.05561485717231617,-0.16344157407075433,-0.023526770046000036,-0.28187387569019223,-0.21325387793666944,0.03319054037045416,-0.25120847647676925,-0.3393556870479379
sipon,0.2776659794586378,-0.193170877643867,0.3207496973967262,-0.11147386237016257,0.10206323548515206,0.28794454599443287,0.0,-0.1868624470806447,0.31023379723140493,0.39206003142772267,0.047767019192089415,-0.029654869760198845,0.3227183173364894,0.07350041906157141,-0.4156062554995558
ubo,-0.03889700034202391,0.1279376110007382,-0.10375419138377133,0.013474941482815684,0.11665148110051815,-0.05561485717231617,-0.1868624470806447,0.0,-0.04814059284558239,-0.17406535747714805,-0.2417896083290012,-0.05679972889573563,-0.28911782804121144,-0.3969224779530028,-0.04824599820657217
ecq,0.32885853322786207,-0.24228436046167054,0.5700457112829407,-0.03415517172421035,0.0011394708640031078,-0.16344157407075433,0.31023379723140493,-0.04814059284558239,0.0,0.46857929292169404,0.12152435611573796,0.2808409210344052,0.6521874187633036,0.16624001703042693,0.2083034827704125
face-shield,0.6321739388937868,0.11803001393646723,0.33687388096496096,0.10502512177711296,-0.10955305574465934,-0.023526770046000036,0.39206003142772267,-0.17406535747714805,0.46857929292169404,0.0,0.41847954229259154,-0.14833096454031516,0.7899131569695681,0.062335977356102676,-0.09312463416004968
Frontliners,0.10628476944079042,0.37891528721256695,-0.054144334327466535,-0.03907371946114443,-0.051635415621245594,-0.28187387569019223,0.047767019192089415,-0.2417896083290012,0.12152435611573796,0.41847954229259154,0.0,-0.1724598679660389,0.525684673995943,0.003853683371322409,0.05952159822210604
masks,-0.24158355911973975,-0.1664660275668129,0.030099541202657856,-0.037900143848717274,0.17712449522238968,-0.21325387793666944,-0.029654869760198845,-0.05679972889573563,0.2808409210344052,-0.14833096454031516,-0.1724598679660389,0.0,0.10573271386683256,0.3592071349998259,0.40612729693201577
Quarantine,0.5368206609388774,0.11489165242782133,0.4126266495511874,0.16662752520405594,-0.09577668130653365,0.03319054037045416,0.3227183173364894,-0.28911782804121144,0.6521874187633036,0.7899131569695681,0.525684673995943,0.10573271386683256,0.0,0.15200550796373147,0.008479032307241376
social-distancing,-0.0510071598661499,0.0259454477147306,-0.19010957491204952,-0.036342090302317026,0.02644599323462556,-0.25120847647676925,0.07350041906157141,-0.3969224779530028,0.16624001703042693,0.062335977356102676,0.003853683371322409,0.3592071349998259,0.15200550796373147,0.0,0.28927828839213776
work-from-home,-0.183661691956681,-0.01591655197846555,-0.04014125719230923,-0.10621350242861238,0.3107574237267911,-0.3393556870479379,-0.4156062554995558,-0.04824599820657217,0.2083034827704125,-0.09312463416004968,0.05952159822210604,0.40612729693201577,0.008479032307241376,0.28927828839213776,0.0
