,flu,cough,fever,headache,lagnat,rashes,sipon,ubo,ecq,face-shield,Frontliners,masks,Quarantine,social-distancing,work-from-home
flu,0.0,-0.06338604167098288,0.16615212796756537,0.26181861665010886,0.3732948148710528,0.005178788070974632,-0.29856103717849214,-0.10650508503103744,-0.13379464364625374,-0.0793072388870511,-0.13700445628632182,0.10212079551479507,0.15043544364693276,0.07788721216702862,0.13225771328769823
cough,-0.06338604167098288,0.0,0.12214325698749846,0.18953436245067132,-0.03193284695226353,-0.1726673937223981,0.3693205144009888,0.17058912770516385,-0.5972009095692862,-0.23206361881809487,-0.3824131349662439,-0.32632115052375776,-0.35739964786299255,-0.2222338020925172,-0.2804055678740704
fever,0.16615212796756537,0.12214325698749846,0.0,-0.03499378505448606,-0.11391394001450653,0.08994688369536771,0.16880080636208347,-0.038753774822307914,-0.019817883719394046,0.19305161891858588,0.2632005201927795,0.10101577533077369,0.28726974328423105,-0.028050982247063493,0.16982160788454478
headache,0.26181861665010886,0.18953436245067132,-0.03499378505448606,0.0,-0.060555003456717944,0.18959527857846753,-0.013311131629012206,-0.15890498386550547,0.05252736324370409,-0.2826457986514037,-0.38547161707389066,-0.08006118358796266,-0.021288514794302934,-0.14135052775515222,-0.10337126618364506
lagnat,0.3732948148710528,-0.03193284695226353,-0.11391394001450653,-0.060555003456717944,0.0,-0.10715656514658117,-0.21687803899776262,0.26582033815516254,-0.04456724058176221,0.006235327266390072,-0.04547392579606337,-0.06865264473545526,0.10332472427150786,0.03573042402734972,0.21935616083900597
rashes,0.005178788070974632,-0.1726673937223981,0.08994688369536771,0.18959527857846753,-0.10715656514658117,0.0,0.2105230718369645,-0.271098083281492,0.05324501114050494,-0.12297294173594592,-0.11398364971170978,-0.40346650569034076,-0.23329630387643432,-0.20977666432245798,0.2796073340908567
sipon,-0.29856103717849214,0.3693205144009888,0.16880080636208347,-0.013311131629012206,-0.21687803899776262,0.2105230718369645,0.0,0.19599478859957326,-0.24455874709786576,-0.056364358466459846,-0.22346906375556205,-0.43840132612551097,-0.2162705339736897,-0.3818479287410286,-0.03865464719877479
ubo,-0.10650508503103744,0.17058912770516385,-0.038753774822307914,-0.15890498386550547,0.26582033815516254,-0.271098083281492,0.19599478859957326,0.0,-0.11608998797629357,0.2651712175010988,-0.24397421550453544,0.17348178280438914,0.05228183448936805,-0.23717943034591094,0.3316002031195086
ecq,-0.13379464364625374,-0.5972009095692862,-0.019817883719394046,0.05252736324370409,-0.04456724058176221,0.05324501114050494,-0.24455874709786576,-0.11608998797629357,0.0,0.46828284712423357,0.4574161516512179,0.42522451990352994,0.539468270475721,0.38613431040892987,0.3854727949603076
face-shield,-0.0793072388870511,-0.23206361881809487,0.19305161891858588,-0.2826457986514037,0.006235327266390072,-0.12297294173594592,-0.056364358466459846,0.2651712175010988,0.46828284712423357,0.0,0.46842002928414483,0.5842312274725806,0.47865918544283814,0.12064321498143858,0.6037721566354545
Frontliners,-0.13700445628632182,-0.3824131349662439,0.2632005201927795,-0.38547161707389066,-0.04547392579606337,-0.11398364971170978,-0.22346906375556205,-0.24397421550453544,0.4574161516512179,0.46842002928414483,0.0,0.3340960767694455,0.4093753355344662,0.5960864352566436,0.32209978959644003
masks,0.10212079551479507,-0.32632115052375776,0.10101577533077369,-0.08006118358796266,-0.06865264473545526,-0.40346650569034076,-0.43840132612551097,0.17348178280438914,0.42522451990352994,0.5842312274725806,0.3340960767694455,0.0,0.5375584562012086,0.08112795119356273,0.3091437207402033
Quarantine,0.15043544364693276,-0.35739964786299255,0.28726974328423105,-0.021288514794302934,0.10332472427150786,-0.23329630387643432,-0.2162705339736897,0.05228183448936805,0.539468270475721,0.47865918544283814,0.4093753355344662,0.5375584562012086,0.0,0.3008972116450436,0.34603475919328397
social-distancing,0.07788721216702862,-0.2222338020925172,-0.028050982247063493,-0.14135052775515222,0.03573042402734972,-0.20977666432245798,-0.3818479287410286,-0.23717943034591094,0.38613431040892987,0.12064321498143858,0.5960864352566436,0.08112795119356273,0.3008972116450436,0.0,0.18029766286267987
work-from-home,0.13225771328769823,-0.2804055678740704,0.16982160788454478,-0.10337126618364506,0.21935616083900597,0.2796073340908567,-0.03865464719877479,0.3316002031195086,0.3854727949603076,0.6037721566354545,0.32209978959644003,0.3091437207402033,0.34603475919328397,0.18029766286267987,0.0
