,flu,cough,fever,headache,lagnat,rashes,sipon,ubo,ecq,face-shield,Frontliners,masks,Quarantine,social-distancing,work-from-home
flu,0.0,-0.3717549689258813,-0.007802254723119235,-0.049371829319089934,-0.20711859996555798,-0.1816450295479131,0.021026226135104197,0.12024615250039877,-0.034062232574237385,0.07780232804670244,-0.01303948061854171,-0.23635900204772836,0.14668799272775612,-0.06636232515655367,0.3261684341697008
cough,-0.3717549689258813,0.0,0.10220212188520891,0.2611776974366741,0.006517199973031086,0.06168605547049446,-0.23701427728953767,-0.23658715793374385,-0.048942357387743156,-0.04268634792979431,-0.19626925086846203,0.09504437144081476,-0.26235658245518456,0.03149595306895965,-0.1391023495405827
fever,-0.007802254723119235,0.10220212188520891,0.0,0.3804053527944989,0.23325492409585732,0.5788015548652344,-0.23275301441790835,0.0009806868685186731,-0.3366618952296309,0.047993852123295204,-0.42540962750023215,0.10151856440185142,0.22912787399946916,0.2670203127557804,-0.07149841388850406
headache,-0.049371829319089934,0.2611776974366741,0.3804053527944989,0.0,0.029238277273208872,0.47553820221062826,-0.18714853531701792,-0.06957389446209641,-0.3450688336753657,0.3052536356200388,-0.18948288994931328,0.024407476643041142,-0.12122720364343495,-0.17008354264060363,-0.07855182091029149
lagnat,-0.20711859996555798,0.006517199973031086,0.23325492409585732,0.029238277273208872,0.0,0.2439574185344588,-0.08369459319125337,0.1523021416260569,-0.11070372513673085,-0.20904274565391373,-0.10177800149919126,-0.02114793188367482,-0.23212270045869526,-0.0009212054999187387,0.0029053538672931646
rashes,-0.1816450295479131,0.06168605547049446,0.5788015548652344,0.47553820221062826,0.2439574185344588,0.0,-0.14143410491523478,-0.055482053309721974,-0.44600160765005126,0.31492239364452645,-0.22983403038331718,0.3067106648167478,0.04785743177420211,0.18606700491318032,0.074977155778711
sipon,0.021026226135104197,-0.23701427728953767,-0.23275301441790835,-0.18714853531701792,-0.08369459319125337,-0.14143410491523478,0.0,0.0944552885174324,0.2055637696721741,0.2113118833966986,0.14518433749431098,-0.38190507145830815,-0.10463097766003218,-0.14612838650644788,-0.014858225921165563
ubo,0.12024615250039877,-0.23658715793374385,0.0009806868685186731,-0.06957389446209641,0.1523021416260569,-0.055482053309721974,0.0944552885174324,0.0,0.03806232770715193,-0.25522146586620126,-0.4299924485599124,-0.009572506854357603,-0.06566871909547767,0.008872861753945843,-0.28084148957085797
ecq,-0.034062232574237385,-0.048942357387743156,-0.3366618952296309,-0.3450688336753657,-0.11070372513673085,-0.44600160765005126,0.2055637696721741,0.03806232770715193,0.0,-0.2837564294859254,0.43691448394189186,0.1442548393163287,0.41920344778110297,0.12180099195691435,-0.23584224726016717
face-shield,0.07780232804670244,-0.04268634792979431,0.047993852123295204,0.3052536356200388,-0.20904274565391373,0.31492239364452645,0.2113118833966986,-0.25522146586620126,-0.2837564294859254,0.0,-0.14331824100737586,-0.21146709469010927,-0.005077959939492554,0.13398691793046238,0.07800834205499448
Frontliners,-0.01303948061854171,-0.19626925086846203,-0.42540962750023215,-0.18948288994931328,-0.10177800149919126,-0.22983403038331718,0.14518433749431098,-0.4299924485599124,0.43691448394189186,-0.14331824100737586,0.0,0.2440061773335229,0.17233539020233282,-0.07294405394872516,0.07896733041341233
masks,-0.23635900204772836,0.09504437144081476,0.10151856440185142,0.024407476643041142,-0.02114793188367482,0.3067106648167478,-0.38190507145830815,-0.009572506854357603,0.1442548393163287,-0.21146709469010927,0.2440061773335229,0.0,0.3974331524452066,0.17081777958189528,-0.15326111690238667
Quarantine,0.14668799272775612,-0.26235658245518456,0.22912787399946916,-0.12122720364343495,-0.23212270045869526,0.04785743177420211,-0.10463097766003218,-0.06566871909547767,0.41920344778110297,-0.005077959939492554,0.17233539020233282,0.3974331524452066,0.0,0.10580794940355434,-0.025803087211472606
social-distancing,-0.06636232515655367,0.03149595306895965,0.2670203127557804,-0.17008354264060363,-0.0009212054999187387,0.18606700491318032,-0.14612838650644788,0.008872861753945843,0.12180099195691435,0.13398691793046238,-0.07294405394872516,0.17081777958189528,0.10580794940355434,0.0,0.25497188352445205
work-from-home,0.3261684341697008,-0.1391023495405827,-0.07149841388850406,-0.07855182091029149,0.0029053538672931646,0.074977155778711,-0.014858225921165563,-0.28084148957085797,-0.23584224726016717,0.07800834205499448,0.07896733041341233,-0.15326111690238667,-0.025803087211472606,0.25497188352445205,0.0
