,flu,cough,fever,headache,lagnat,rashes,sipon,ubo,ecq,face-shield,Frontliners,masks,Quarantine,social-distancing,work-from-home
flu,0.0,0.43996544043896585,0.290260958420003,0.32110319617230454,0.18687515080893422,-0.5889181324257261,0.16931195388670237,0.01065888569611273,-0.6206192811754188,0.5605291033558946,-0.4698565330480015,0.31350705228918435,-0.37059750124653446,0.24623814608123795,0.45509303302909465
cough,0.43996544043896585,0.0,0.6596837118098999,0.28682867926787964,0.31082039563129743,-0.42585199718298783,-0.003279842835742175,0.10239438519696231,-0.6955425287803754,0.311017547686294,-0.5588199022075809,0.4360056352808627,-0.4549849504162273,-0.24456908551440606,0.5269750563658367
fever,0.290260958420003,0.6596837118098999,0.0,0.1473966697213392,0.26156520109660264,-0.18653094842338683,-0.11618741769015296,-0.10478919204789787,-0.6571460597851306,0.32191477268818347,-0.45239250855178736,0.49946983247778187,-0.5266048095358294,-0.21632624928500002,0.27896238522407096
headache,0.32110319617230454,0.28682867926787964,0.1473966697213392,0.0,-0.07816389313638876,-0.2984266884181999,0.028618580257025985,-0.03340744655651584,-0.3250845574897127,0.2699607439149592,-0.11399305988924445,0.11862939239942175,-0.35988893516765885,-0.0013185727257375823,0.28613344064183477
lagnat,0.18687515080893422,0.31082039563129743,0.26156520109660264,-0.07816389313638876,0.0,-0.05122972664381529,0.12965467334820968,-0.09126324042714366,-0.30381315221980526,0.15837645435450884,-0.2910109530817449,0.2410946720446139,-0.2234776909137997,-0.35034811790996345,-0.26758472632560837
rashes,-0.5889181324257261,-0.42585199718298783,-0.18653094842338683,-0.2984266884181999,-0.05122972664381529,0.0,-0.0027837128875673775,0.22936761043016426,0.6212172052184955,-0.1716450458864824,0.42816991133200183,-0.18236438051060969,0.4441590027993036,0.024229595981274932,-0.4932507761483886
sipon,0.16931195388670237,-0.003279842835742175,-0.11618741769015296,0.028618580257025985,0.12965467334820968,-0.0027837128875673775,0.0,-0.07136111203517977,0.0038039749500547292,0.194621884073884,-0.15754925950397974,0.12168117692149562,0.18581011629130273,0.06728649260774441,0.21558285163565477
ubo,0.01065888569611273,0.10239438519696231,-0.10478919204789787,-0.03340744655651584,-0.09126324042714366,0.22936761043016426,-0.07136111203517977,0.0,0.010493011036600781,0.24034912002098055,-0.02806770961784706,0.05071407128014232,-0.10948041840599379,0.27001313098303253,0.10160097130884008
ecq,-0.6206192811754188,-0.6955425287803754,-0.6571460597851306,-0.3250845574897127,-0.30381315221980526,0.6212172052184955,0.0038039749500547292,0.010493011036600781,0.0,-0.49636106485016906,0.7323383077112733,-0.502449859649623,0.7866059960435826,0.197360892851876,-0.5274119548357988
face-shield,0.5605291033558946,0.311017547686294,0.32191477268818347,0.2699607439149592,0.15837645435450884,-0.1716450458864824,0.194621884073884,0.24034912002098055,-0.49636106485016906,0.0,-0.19126652476388292,0.42871509775381206,-0.4111298178620724,0.2698577458652736,0.41505622825675037
Frontliners,-0.4698565330480015,-0.5588199022075809,-0.45239250855178736,-0.11399305988924445,-0.2910109530817449,0.42816991133200183,-0.15754925950397974,-0.02806770961784706,0.7323383077112733,-0.19126652476388292,0.0,-0.30288113441362213,0.4055652098071653,0.30225380893409654,-0.39025039500896896
masks,0.31350705228918435,0.4360056352808627,0.49946983247778187,0.11862939239942175,0.2410946720446139,-0.18236438051060969,0.12168117692149562,0.05071407128014232,-0.502449859649623,0.42871509775381206,-0.30288113441362213,0.0,-0.29937003314564015,-0.02630314588686195,0.39309475700930546
Quarantine,-0.37059750124653446,-0.4549849504162273,-0.5266048095358294,-0.35988893516765885,-0.2234776909137997,0.4441590027993036,0.18581011629130273,-0.10948041840599379,0.7866059960435826,-0.4111298178620724,0.4055652098071653,-0.29937003314564015,0.0,0.15303523630357407,-0.3313538980048813
social-distancing,0.24623814608123795,-0.24456908551440606,-0.21632624928500002,-0.0013185727257375823,-0.35034811790996345,0.024229595981274932,0.06728649260774441,0.27001313098303253,0.197360892851876,0.2698577458652736,0.30225380893409654,-0.02630314588686195,0.15303523630357407,0.0,0.04339633984246286
work-from-home,0.45509303302909465,0.5269750563658367,0.27896238522407096,0.28613344064183477,-0.26758472632560837,-0.4932507761483886,0.21558285163565477,0.10160097130884008,-0.5274119548357988,0.41505622825675037,-0.39025039500896896,0.39309475700930546,-0.3313538980048813,0.04339633984246286,0.0
