,flu,cough,fever,headache,lagnat,rashes,sipon,ubo,ecq,face-shield,Frontliners,masks,Quarantine,social-distancing,work-from-home
flu,0.0,-0.12326053609639874,0.06016128421253958,0.1309608200749239,-0.2194875138673701,-0.2114803978110101,0.041184411245764996,-0.17588973412061154,0.4737501587959082,-0.16353183070287095,-0.04622510445807352,0.14711324091282854,0.3435153403735423,-0.29447523611817233,0.11914049135799067
cough,-0.12326053609639874,0.0,0.1889333342961618,0.4249267427822665,0.3426115146256387,0.047806323736419874,-0.20686774463938057,-0.09159844231346799,0.09442183456779916,-0.21579023251193824,-0.4134566393942025,0.10804340862457806,-0.23597449824461175,0.21704174963354111,-0.05934756446726179
fever,0.06016128421253958,0.1889333342961618,0.0,0.042353109254977844,0.027395914667829466,-0.2788292619825743,-0.2923340644795776,-0.13509786956340225,0.03874557802850063,-0.14993314292077978,-0.3475700028172333,0.0852492435576986,-0.007536640806022838,0.3018125221751393,-0.05884537696242943
headache,0.1309608200749239,0.4249267427822665,0.042353109254977844,0.0,0.15871213871952616,-0.287371777971133,0.1431171261194886,0.14783129359138855,0.1110309498041123,-0.10156682976446932,-0.14680572992344781,-0.112991581582563,-0.22265950686440736,-0.15666399301391154,-0.09533291269681345
lagnat,-0.2194875138673701,0.3426115146256387,0.027395914667829466,0.15871213871952616,0.0,-0.02629705489562361,-0.07302872435982569,0.11732061087349109,-0.15113319800974476,-0.023950084470308344,-0.07044888903837512,-0.26709883177394583,-0.41632309550688845,0.014841816695883917,-0.15585392426864858
rashes,-0.2114803978110101,0.047806323736419874,-0.2788292619825743,-0.287371777971133,-0.02629705489562361,0.0,-0.036164298104955764,0.34705489346707025,-0.30116136132322524,0.25299382124338976,0.11306813094272411,0.15633143082049827,-0.24233599196891148,-0.07644253460385095,-0.3832648568017367
sipon,0.041184411245764996,-0.20686774463938057,-0.2923340644795776,0.1431171261194886,-0.07302872435982569,-0.036164298104955764,0.0,0.2437883406056411,0.08809058379693246,0.08481298538053532,0.05180188494613708,-0.20779881031533978,-0.14018841693726963,-0.10992637646334406,0.24709737577234292
ubo,-0.17588973412061154,-0.09159844231346799,-0.13509786956340225,0.14783129359138855,0.11732061087349109,0.34705489346707025,0.2437883406056411,0.0,-0.386949910530312,0.3345310280655917,-0.05048773383630985,-0.2616395268070212,-0.42444891295385895,0.03673252852450912,-0.19508900240723753
ecq,0.4737501587959082,0.09442183456779916,0.03874557802850063,0.1110309498041123,-0.15113319800974476,-0.30116136132322524,0.08809058379693246,-0.386949910530312,0.0,-0.47996238021255677,-0.13811911756398873,0.3996453888267484,0.2592710222680978,-0.3241682556875393,0.1890183150924539
face-shield,-0.16353183070287095,-0.21579023251193824,-0.14993314292077978,-0.10156682976446932,-0.023950084470308344,0.25299382124338976,0.08481298538053532,0.3345310280655917,-0.47996238021255677,0.0,0.015037757633922027,-0.2653224498573905,-0.027831887475502585,0.21358809185576222,-0.3207060262274429
Frontliners,-0.04622510445807352,-0.4134566393942025,-0.3475700028172333,-0.14680572992344781,-0.07044888903837512,0.11306813094272411,0.05180188494613708,-0.05048773383630985,-0.13811911756398873,0.015037757633922027,0.0,0.2784315658989722,0.23718034425283072,-0.02422678211773507,0.16672045426619897
masks,0.14711324091282854,0.10804340862457806,0.0852492435576986,-0.112991581582563,-0.26709883177394583,0.15633143082049827,-0.20779881031533978,-0.2616395268070212,0.3996453888267484,-0.2653224498573905,0.2784315658989722,0.0,0.19667188677835618,0.061891921793329266,0.02470314962941638
Quarantine,0.3435153403735423,-0.23597449824461175,-0.007536640806022838,-0.22265950686440736,-0.41632309550688845,-0.24233599196891148,-0.14018841693726963,-0.42444891295385895,0.2592710222680978,-0.027831887475502585,0.23718034425283072,0.19667188677835618,0.0,0.016932310219981605,0.4135402602701761
social-distancing,-0.29447523611817233,0.21704174963354111,0.3018125221751393,-0.15666399301391154,0.014841816695883917,-0.07644253460385095,-0.10992637646334406,0.03673252852450912,-0.3241682556875393,0.21358809185576222,-0.02422678211773507,0.061891921793329266,0.016932310219981605,0.0,0.29804520954078534
work-from-home,0.11914049135799067,-0.05934756446726179,-0.05884537696242943,-0.09533291269681345,-0.15585392426864858,-0.3832648568017367,0.24709737577234292,-0.19508900240723753,0.1890183150924539,-0.3207060262274429,0.16672045426619897,0.02470314962941638,0.4135402602701761,0.29804520954078534,0.0
