,flu,cough,fever,headache,lagnat,rashes,sipon,ubo,ecq,face-shield,Frontliners,masks,Quarantine,social-distancing,work-from-home
flu,0.0,0.20093302681193304,-0.2886476577489763,-0.17742476375105262,0.14642477999760017,0.20301475825480692,0.22088025096193442,0.3384498682416953,0.35201954239965644,-0.025178839310018533,0.060327348642749475,-0.07252113655873871,0.21647125983379856,0.04956377341145394,0.23324094840736015
cough,0.20093302681193304,0.0,-0.13234251371160863,0.06153391474574815,-0.2100315663631282,-0.14809689278564067,-0.21750042689681995,-0.16688581662364682,-0.07204738865404385,0.06223960118235776,0.059847003905331604,-0.1192056150771448,0.20694163547880773,-0.10362692707563315,0.03936262085967895
fever,-0.2886476577489763,-0.13234251371160863,0.0,0.3285561912540461,-0.12373410921405328,-0.045007198722264684,-0.007802850580861117,-0.15307302521970295,-0.2888261578181264,0.017878150032173423,-0.21818313367477846,0.32390799124179465,-0.04216322832831495,0.07689354074592777,0.0517564044764926
headache,-0.17742476375105262,0.06153391474574815,0.3285561912540461,0.0,0.15533706313878085,-0.01664469857074137,0.09464549134386949,0.1249476086890592,-0.32598458356164745,-0.24867620292562745,-0.4080377522179505,0.24455529485044197,0.12860585594967017,-0.11091995561923754,-0.1477988303800002
lagnat,0.14642477999760017,-0.2100315663631282,-0.12373410921405328,0.15533706313878085,0.0,0.12675160484670617,0.04162942060533601,0.183058158598286,-0.204599163510523,-0.18185896477760818,-0.2441553446219793,-0.02694518684864869,-0.14249234923757903,-0.09004715161699782,0.19935080466640284
rashes,0.20301475825480692,-0.14809689278564067,-0.045007198722264684,-0.01664469857074137,0.12675160484670617,0.0,0.3446661324590637,0.14763531605575908,0.023194620294771623,-0.04156351721945971,-0.01542513001569022,-0.07831826260308206,-0.12334165205993657,0.1624220581007657,0.04030732100429673
sipon,0.22088025096193442,-0.21750042689681995,-0.007802850580861117,0.09464549134386949,0.04162942060533601,0.3446661324590637,0.0,-0.08137940952655026,-0.0446045701047382,-0.17948806685137472,-0.27906918731931885,0.07192677552092942,0.10584505009148579,-0.053638181364643364,-0.25819168311359525
ubo,0.3384498682416953,-0.16688581662364682,-0.15307302521970295,0.1249476086890592,0.183058158598286,0.14763531605575908,-0.08137940952655026,0.0,0.5795272893362973,0.11468486914806636,0.09738422340860624,0.3410275757904818,0.3233447655978773,-0.18602721871401487,0.13935761932376117
ecq,0.35201954239965644,-0.07204738865404385,-0.2888261578181264,-0.32598458356164745,-0.204599163510523,0.023194620294771623,-0.0446045701047382,0.5795272893362973,0.0,0.08764529890393022,0.3445480049816746,0.03971680691700612,0.3092287938211947,0.06726586998897933,0.20861494267233838
face-shield,-0.025178839310018533,0.06223960118235776,0.017878150032173423,-0.24867620292562745,-0.18185896477760818,-0.04156351721945971,-0.17948806685137472,0.11468486914806636,0.08764529890393022,0.0,0.3966581278087249,-0.14794531236588596,0.05917806848636801,-0.44304103644523546,-0.22025066281764125
Frontliners,0.060327348642749475,0.059847003905331604,-0.21818313367477846,-0.4080377522179505,-0.2441553446219793,-0.01542513001569022,-0.27906918731931885,0.09738422340860624,0.3445480049816746,0.3966581278087249,0.0,-0.31096953933104465,0.19301366990894905,-0.2768290485660124,0.07704362321599162
masks,-0.07252113655873871,-0.1192056150771448,0.32390799124179465,0.24455529485044197,-0.02694518684864869,-0.07831826260308206,0.07192677552092942,0.3410275757904818,0.03971680691700612,-0.14794531236588596,-0.31096953933104465,0.0,0.214329853644799,-0.042803030828455296,0.16019929298395988
Quarantine,0.21647125983379856,0.20694163547880773,-0.04216322832831495,0.12860585594967017,-0.14249234923757903,-0.12334165205993657,0.10584505009148579,0.3233447655978773,0.3092287938211947,0.05917806848636801,0.19301366990894905,0.214329853644799,0.0,-0.3847307215543067,-0.06704654865381603
social-distancing,0.04956377341145394,-0.10362692707563315,0.07689354074592777,-0.11091995561923754,-0.09004715161699782,0.1624220581007657,-0.053638181364643364,-0.18602721871401487,0.06726586998897933,-0.44304103644523546,-0.2768290485660124,-0.042803030828455296,-0.3847307215543067,0.0,0.24981221282344937
work-from-home,0.23324094840736015,0.03936262085967895,0.0517564044764926,-0.1477988303800002,0.19935080466640284,0.04030732100429673,-0.25819168311359525,0.13935761932376117,0.20861494267233838,-0.22025066281764125,0.07704362321599162,0.16019929298395988,-0.06704654865381603,0.24981221282344937,0.0
