,flu,cough,fever,headache,lagnat,rashes,sipon,ubo,ecq,face-shield,Frontliners,masks,Quarantine,social-distancing,work-from-home
flu,0.0,-0.20389500069337357,-0.20781985245153406,0.1580231551610116,-0.0337154636880213,0.08584866422730325,-0.058729228103513,0.07780997876176085,0.3522616903501663,0.45648701196661934,0.37418989880661313,0.11043231623739451,0.3574826343639421,0.59242964220061,0.19762918439172183
cough,-0.20389500069337357,0.0,0.3998120841164215,0.11703196558506951,0.05820190517855573,0.0144708965626522,-0.05829708261953637,0.1811173017324817,-0.594473161765445,-0.12498389930187052,-0.08925394619067592,-0.12101778052498233,-0.4023054326432273,-0.3752822792573098,-0.05178552664342463
fever,-0.20781985245153406,0.3998120841164215,0.0,0.024148183671846516,-0.04289611035344601,0.5101044273037982,-0.18028989490794084,0.0001652425315202753,-0.27559503438917926,0.07547964185854411,0.20289625999012556,0.221627836728542,-0.1677241981963655,-0.24103983711638968,-0.012615263232533539
headache,0.1580231551610116,0.11703196558506951,0.024148183671846516,0.0,-0.25853968333999583,-0.03641248527272102,0.01634116359776573,-0.03594304475208709,-0.13359567772404932,0.008408143857799994,0.09774913263461553,-0.008884717937633988,0.0679187895813534,-0.009186625410451003,0.031183713892756305
lagnat,-0.0337154636880213,0.05820190517855573,-0.04289611035344601,-0.25853968333999583,0.0,0.19013005622483792,0.04765137986164294,0.060489115594879156,-0.05938353243007213,-0.03679764919357995,0.07796055546042778,0.20048114329010644,0.0009945545042071868,-0.21221289536456414,-0.2939253198710915
rashes,0.08584866422730325,0.0144708965626522,0.5101044273037982,-0.03641248527272102,0.19013005622483792,0.0,0.013966399924204516,0.13543355868554094,-0.10032407194462585,0.4739071241403726,0.26959806404481806,0.42205569653160435,-0.17033627786798253,0.05041039379121737,0.16014136744984572
sipon,-0.058729228103513,-0.05829708261953637,-0.18028989490794084,0.01634116359776573,0.04765137986164294,0.013966399924204516,0.0,0.2880585296042893,0.08476580688169416,-0.27578126786634366,0.07747529330636298,-0.08438372609468962,0.041072575469821085,-0.14679668958406172,-0.2874659128076824
ubo,0.07780997876176085,0.1811173017324817,0.0001652425315202753,-0.03594304475208709,0.060489115594879156,0.13543355868554094,0.2880585296042893,0.0,-0.013305523459758948,-0.10245887955431897,0.0377751034361456,0.16723225317531676,-0.06964530677698669,-0.060055565069995764,0.07511239770467598
ecq,0.3522616903501663,-0.594473161765445,-0.27559503438917926,-0.13359567772404932,-0.05938353243007213,-0.10032407194462585,0.08476580688169416,-0.013305523459758948,0.0,0.10757938352452578,0.368915239933413,0.24524701598509052,0.8150375547388863,0.5239352065836316,0.18914316494100325
face-shield,0.45648701196661934,-0.12498389930187052,0.07547964185854411,0.008408143857799994,-0.03679764919357995,0.4739071241403726,-0.27578126786634366,-0.10245887955431897,0.10757938352452578,0.0,0.22234556023679097,0.225302795403797,0.02322774937181929,0.550732895156539,0.5047275012283088
Frontliners,0.37418989880661313,-0.08925394619067592,0.20289625999012556,0.09774913263461553,0.07796055546042778,0.26959806404481806,0.07747529330636298,0.0377751034361456,0.368915239933413,0.22234556023679097,0.0,0.3899842119557834,0.3982379382240743,0.343394503716368,0.2889367096571401
masks,0.11043231623739451,-0.12101778052498233,0.221627836728542,-0.008884717937633988,0.20048114329010644,0.42205569653160435,-0.08438372609468962,0.16723225317531676,0.24524701598509052,0.225302795403797,0.3899842119557834,0.0,0.21442361369007276,0.2520469860033061,0.20282480690819096
Quarantine,0.3574826343639421,-0.4023054326432273,-0.1677241981963655,0.0679187895813534,0.0009945545042071868,-0.17033627786798253,0.041072575469821085,-0.06964530677698669,0.8150375547388863,0.02322774937181929,0.3982379382240743,0.21442361369007276,0.0,0.35164531128582693,0.26277139116688203
social-distancing,0.59242964220061,-0.3752822792573098,-0.24103983711638968,-0.009186625410451003,-0.21221289536456414,0.05041039379121737,-0.14679668958406172,-0.060055565069995764,0.5239352065836316,0.550732895156539,0.343394503716368,0.2520469860033061,0.35164531128582693,0.0,0.5358873299271337
work-from-home,0.19762918439172183,-0.05178552664342463,-0.012615263232533539,0.031183713892756305,-0.2939253198710915,0.16014136744984572,-0.2874659128076824,0.07511239770467598,0.18914316494100325,0.5047275012283088,0.2889367096571401,0.20282480690819096,0.26277139116688203,0.5358873299271337,0.0
