,flu,cough,fever,headache,lagnat,rashes,sipon,ubo,ecq,face-shield,Frontliners,masks,Quarantine,social-distancing,work-from-home
flu,0.0,0.07434364744584894,0.43190415190911025,0.10903131724691688,-0.05845021642278897,0.4103965011886069,0.4572046782367641,0.33798410718161287,0.16447336498621198,0.23925718706864432,-0.029203303266037723,-0.18335513419217458,0.4223952998527132,-0.13803654172545304,0.10731424401357176
cough,0.07434364744584894,0.0,0.0469004655163561,0.027160525639233372,0.05942172409530867,0.13654645561769493,0.16904597224154233,-0.0037942563777540513,0.17155006088627955,0.36252281156844646,0.09637684870296936,-0.05103038774669812,0.24042678016859728,-0.22041753792095023,-0.018728639511763776
fever,0.43190415190911025,0.0469004655163561,0.0,0.4069484882580612,0.03675584744582971,0.49175497525682843,0.3121022555057553,0.221723054002528,0.20334175007811592,0.008121828399675297,0.07907704497527404,-0.3520355963692068,0.37396979769871697,-0.21306443575745687,-0.0469551548998805
headache,0.10903131724691688,0.027160525639233372,0.4069484882580612,0.0,-0.043361939851317755,0.4636081257146392,0.03741069476090666,-0.08064135804880748,-0.16500212785692647,0.09373480472158971,0.04856959691258521,-0.14581697863432486,-0.15845994656089873,-0.15859634028322508,0.04397381419429953
lagnat,-0.05845021642278897,0.05942172409530867,0.03675584744582971,-0.043361939851317755,0.0,0.2721586679601231,0.08582200649964067,0.3120980136525119,-0.04266735753890521,0.06629478866925426,-0.10217940719032723,-0.19882285468444522,0.05397716432230208,-0.1825155297293145,0.009932856353439663
rashes,0.4103965011886069,0.13654645561769493,0.49175497525682843,0.4636081257146392,0.2721586679601231,0.0,0.21445866143003434,0.020409714972664864,-0.15526041363063678,0.37609586137206996,-0.13116991071273,-0.3300719608613766,0.15785708537496768,0.020295291365692556,0.3854085103495316
sipon,0.4572046782367641,0.16904597224154233,0.3121022555057553,0.03741069476090666,0.08582200649964067,0.21445866143003434,0.0,0.4441117881754624,0.38726150403593573,0.013277159119003167,0.01826414368877142,-0.27989770465926056,0.5626245153484338,-0.36868440820795656,-0.3788481038872251
ubo,0.33798410718161287,-0.0037942563777540513,0.221723054002528,-0.08064135804880748,0.3120980136525119,0.020409714972664864,0.4441117881754624,0.0,0.3015045451964437,-0.25224713724564884,-0.23091052268939194,-0.04536642741266592,0.34177094943128705,-0.2865663494577058,-0.17212218391587095
ecq,0.16447336498621198,0.17155006088627955,0.20334175007811592,-0.16500212785692647,-0.04266735753890521,-0.15526041363063678,0.38726150403593573,0.3015045451964437,0.0,-0.20475728187327127,0.42905857215587284,0.1721286042203218,0.7568879155080807,-0.08430520322399446,-0.4309164037829751
face-shield,0.23925718706864432,0.36252281156844646,0.008121828399675297,0.09373480472158971,0.06629478866925426,0.37609586137206996,0.013277159119003167,-0.25224713724564884,-0.20475728187327127,0.0,-0.14774776451203678,-0.36721709779608924,0.17065909452371825,0.045685289778646214,0.30676433320816376
Frontliners,-0.029203303266037723,0.09637684870296936,0.07907704497527404,0.04856959691258521,-0.10217940719032723,-0.13116991071273,0.01826414368877142,-0.23091052268939194,0.42905857215587284,-0.14774776451203678,0.0,0.41872278539344837,0.17069093123216214,0.1853546258640214,0.008403978821583743
masks,-0.18335513419217458,-0.05103038774669812,-0.3520355963692068,-0.14581697863432486,-0.19882285468444522,-0.3300719608613766,-0.27989770465926056,-0.04536642741266592,0.1721286042203218,-0.36721709779608924,0.41872278539344837,0.0,-0.021329438671712535,0.23750667552011942,-0.038715968867414366
Quarantine,0.4223952998527132,0.24042678016859728,0.37396979769871697,-0.15845994656089873,0.05397716432230208,0.15785708537496768,0.5626245153484338,0.34177094943128705,0.7568879155080807,0.17065909452371825,0.17069093123216214,-0.021329438671712535,0.0,-0.2259973720236469,-0.29378159649061597
social-distancing,-0.13803654172545304,-0.22041753792095023,-0.21306443575745687,-0.15859634028322508,-0.1825155297293145,0.020295291365692556,-0.36868440820795656,-0.2865663494577058,-0.08430520322399446,0.045685289778646214,0.1853546258640214,0.23750667552011942,-0.2259973720236469,0.0,0.46206956893335144
work-from-home,0.10731424401357176,-0.018728639511763776,-0.0469551548998805,0.04397381419429953,0.009932856353439663,0.3854085103495316,-0.3788481038872251,-0.17212218391587095,-0.4309164037829751,0.30676433320816376,0.008403978821583743,-0.038715968867414366,-0.29378159649061597,0.46206956893335144,0.0
