,flu,cough,fever,headache,lagnat,rashes,sipon,ubo,ecq,face-shield,Frontliners,masks,Quarantine,social-distancing,work-from-home
flu,0.0,-0.2662798310040178,0.15794876221323806,-0.12478082513971335,0.19485902180263598,-0.030247134346133697,0.19985366515268826,-0.22360053775315705,0.20014755972887896,-0.19707837162182193,-0.3725505518752077,-0.3656479559563412,0.6541207231147103,0.719099057868262,0.7120587517353454
cough,-0.2662798310040178,0.0,0.30312509243269103,0.07632839745997261,-0.038277477851740606,-0.17878374181478118,0.017605604301211535,0.4573941773361054,-0.3753268506113586,0.2866309240524665,0.5782068394209126,0.4328196168330798,-0.44920023533941844,-0.29406396484913067,-0.18252387900789116
fever,0.15794876221323806,0.30312509243269103,0.0,0.3265872064134157,0.052209084172911716,-0.14007808142408698,0.2154136139220094,0.4902950073818046,-0.3884761165493472,-0.015655236818346244,0.17306684711444,0.0850903773761181,-0.22810766396932,0.07437172217263369,-0.07064486924555878
headache,-0.12478082513971335,0.07632839745997261,0.3265872064134157,0.0,-0.10205365495600259,0.13238760884408826,-0.09417995845066546,0.2402804618168713,-0.19259703191277028,0.007955806044285356,0.08946440229653323,0.1974108146617626,-0.17824997182385566,-0.21399073133917348,-0.2922094965564789
lagnat,0.19485902180263598,-0.038277477851740606,0.052209084172911716,-0.10205365495600259,0.0,0.028355707547897565,0.1369002076531619,-0.1543644130653605,0.1332206396502266,-0.3548868548922734,0.02978201231223908,-0.02425591397601065,0.12082868181102613,0.09676239513278372,0.011257221669053291
rashes,-0.030247134346133697,-0.17878374181478118,-0.14007808142408698,0.13238760884408826,0.028355707547897565,0.0,-0.4160269247996034,-0.05312066213288346,0.07310114181947118,0.0024496558350827215,-0.158970745807989,-0.314472137549943,0.24369156421133656,0.027321356795768616,0.0965525772652633
sipon,0.19985366515268826,0.017605604301211535,0.2154136139220094,-0.09417995845066546,0.1369002076531619,-0.4160269247996034,0.0,0.18203058760817714,0.25072913419510495,-0.10383484521677115,0.12840316464120774,0.1671090841146223,0.24889195228561686,0.2583491018818399,0.16942191345192367
ubo,-0.22360053775315705,0.4573941773361054,0.4902950073818046,0.2402804618168713,-0.1543644130653605,-0.05312066213288346,0.18203058760817714,0.0,-0.4947343104512802,0.14939593074927104,0.23413170534417901,0.3589612965940905,-0.41604370959251413,0.025382495272875463,-0.011230684450654624
ecq,0.20014755972887896,-0.3753268506113586,-0.3884761165493472,-0.19259703191277028,0.1332206396502266,0.07310114181947118,0.25072913419510495,-0.4947343104512802,0.0,0.1542002149827841,-0.07973990353828196,-0.015726325310309795,0.6682629866413735,0.33191332540951535,0.3612176898391215
face-shield,-0.19707837162182193,0.2866309240524665,-0.015655236818346244,0.007955806044285356,-0.3548868548922734,0.0024496558350827215,-0.10383484521677115,0.14939593074927104,0.1542002149827841,0.0,0.14615430794504056,0.3798147432335638,-0.10151148057505184,0.07264354284366163,0.06599837660045219
Frontliners,-0.3725505518752077,0.5782068394209126,0.17306684711444,0.08946440229653323,0.02978201231223908,-0.158970745807989,0.12840316464120774,0.23413170534417901,-0.07973990353828196,0.14615430794504056,0.0,0.546843497148536,-0.16864059835007603,-0.2767998972578729,-0.22925721760823853
masks,-0.3656479559563412,0.4328196168330798,0.0850903773761181,0.1974108146617626,-0.02425591397601065,-0.314472137549943,0.1671090841146223,0.3589612965940905,-0.015726325310309795,0.3798147432335638,0.546843497148536,0.0,-0.2868138200310719,0.012154876049039755,-0.08074270638968384
Quarantine,0.6541207231147103,-0.44920023533941844,-0.22810766396932,-0.17824997182385566,0.12082868181102613,0.24369156421133656,0.24889195228561686,-0.41604370959251413,0.6682629866413735,-0.10151148057505184,-0.16864059835007603,-0.2868138200310719,0.0,0.5714567716239434,0.6722482261017024
social-distancing,0.719099057868262,-0.29406396484913067,0.07437172217263369,-0.21399073133917348,0.09676239513278372,0.027321356795768616,0.2583491018818399,0.025382495272875463,0.33191332540951535,0.07264354284366163,-0.2767998972578729,0.012154876049039755,0.5714567716239434,0.0,0.7899167814844268
work-from-home,0.7120587517353454,-0.18252387900789116,-0.07064486924555878,-0.2922094965564789,0.011257221669053291,0.0965525772652633,0.16942191345192367,-0.011230684450654624,0.3612176898391215,0.06599837660045219,-0.22925721760823853,-0.08074270638968384,0.6722482261017024,0.7899167814844268,0.0
