,flu,cough,fever,headache,lagnat,rashes,sipon,ubo,ecq,face-shield,Frontliners,masks,Quarantine,social-distancing,work-from-home
flu,0.0,0.6208494487737998,0.569057696500929,0.054131680199011316,0.6584784075701653,0.23054599102109877,0.33579099163116505,0.25576260168523807,-0.3744096256097779,-0.11105176421699361,-0.4018734847585237,-0.28962036172453004,0.6980643884675907,0.6190165048908428,0.2636989564017929
cough,0.6208494487737998,0.0,0.8674940713194516,0.11811687692721086,0.43039595701579225,0.3015990900653602,0.4762131926003682,0.7060089172987003,-0.7549271459632508,0.15058762154559377,-0.16951882697080944,-0.2757429121083078,0.2626266642532451,0.33810375519751495,0.37625891990566723
fever,0.569057696500929,0.8674940713194516,0.0,0.20080337492240727,0.4930032188803105,0.08658336838290139,0.5206092724070149,0.7003155254384698,-0.7392151510541412,-0.025118330500451813,-0.26930938742317434,-0.3295430496105919,0.2734968303904747,0.35461501589223404,0.2730866645307427
headache,0.054131680199011316,0.11811687692721086,0.20080337492240727,0.0,0.20604396522086557,0.1812038330928238,0.07498845712444234,0.18441836166934053,-0.1264398136212324,0.06373791338460348,0.05029977300425368,0.12741750355267123,-0.11462999063898709,-0.09861751480520908,-0.37002835830492686
lagnat,0.6584784075701653,0.43039595701579225,0.4930032188803105,0.20604396522086557,0.0,0.13986981421086644,0.4068990703105538,0.3486013849501406,-0.23642609614541127,-0.413305815874486,-0.1457631041529182,-0.10350820928647723,0.6169822475772726,0.4694520765013233,0.2042990394095056
rashes,0.23054599102109877,0.3015990900653602,0.08658336838290139,0.1812038330928238,0.13986981421086644,0.0,0.05427189786962077,0.26045986687294637,-0.1419828574915109,0.4557491613772519,0.021370455985960848,-0.25023758688475706,0.1279448194752372,0.34436375883581394,0.31345511391035247
sipon,0.33579099163116505,0.4762131926003682,0.5206092724070149,0.07498845712444234,0.4068990703105538,0.05427189786962077,0.0,0.4048611942817359,-0.40675870648430323,-0.03219417686845592,-0.010213704313417463,-0.2922603095536747,0.24149390979593482,0.36371820093530555,0.14679101590196597
ubo,0.25576260168523807,0.7060089172987003,0.7003155254384698,0.18441836166934053,0.3486013849501406,0.26045986687294637,0.4048611942817359,0.0,-0.6555518058861491,0.15270727485961086,-0.09390839611579209,-0.19334475411760552,0.048219064708155096,0.27395038988625936,0.36258850251889624
ecq,-0.3744096256097779,-0.7549271459632508,-0.7392151510541412,-0.1264398136212324,-0.23642609614541127,-0.1419828574915109,-0.40675870648430323,-0.6555518058861491,0.0,0.024968388177175078,0.13681263680778577,0.31224199748607284,0.15066384855643156,-0.11052654073129663,-0.08967906670096522
face-shield,-0.11105176421699361,0.15058762154559377,-0.025118330500451813,0.06373791338460348,-0.413305815874486,0.4557491613772519,-0.03219417686845592,0.15270727485961086,0.024968388177175078,0.0,0.22231684396148785,0.03754056120159316,0.010830605930013249,0.17407761846584194,0.2936938001870442
Frontliners,-0.4018734847585237,-0.16951882697080944,-0.26930938742317434,0.05029977300425368,-0.1457631041529182,0.021370455985960848,-0.010213704313417463,-0.09390839611579209,0.13681263680778577,0.22231684396148785,0.0,0.3724994669843401,-0.1055636122710296,-0.272724826017373,-0.020140652293823072
masks,-0.28962036172453004,-0.2757429121083078,-0.3295430496105919,0.12741750355267123,-0.10350820928647723,-0.25023758688475706,-0.2922603095536747,-0.19334475411760552,0.31224199748607284,0.03754056120159316,0.3724994669843401,0.0,-0.04259729849812602,-0.23186710100757485,-0.1742187737032265
Quarantine,0.6980643884675907,0.2626266642532451,0.2734968303904747,-0.11462999063898709,0.6169822475772726,0.1279448194752372,0.24149390979593482,0.048219064708155096,0.15066384855643156,0.010830605930013249,-0.1055636122710296,-0.04259729849812602,0.0,0.7030790375859959,0.5088401574871666
social-distancing,0.6190165048908428,0.33810375519751495,0.35461501589223404,-0.09861751480520908,0.4694520765013233,0.34436375883581394,0.36371820093530555,0.27395038988625936,-0.11052654073129663,0.17407761846584194,-0.272724826017373,-0.23186710100757485,0.7030790375859959,0.0,0.599749492066223
work-from-home,0.2636989564017929,0.37625891990566723,0.2730866645307427,-0.37002835830492686,0.2042990394095056,0.31345511391035247,0.14679101590196597,0.36258850251889624,-0.08967906670096522,0.2936938001870442,-0.020140652293823072,-0.1742187737032265,0.5088401574871666,0.599749492066223,0.0
