,flu,cough,fever,headache,lagnat,rashes,sipon,ubo,ecq,face-shield,Frontliners,masks,Quarantine,social-distancing,work-from-home
flu,0.0,0.14330530724705012,-0.1978739837641186,0.008674023333975892,-0.17969817196763826,-0.14726942622157443,0.11291084144294838,-0.2742702319915419,0.6538009369198562,-0.092689248349099,0.12060472331790786,0.01068145958650448,0.16401296873187646,-0.48190246122050795,-0.010703261450198176
cough,0.14330530724705012,0.0,0.21566136951938733,0.34750706321356645,0.3181123344607512,0.21055632482373318,0.2865489929446569,-0.01934513187082228,-0.18015639893064175,0.27497823530890125,-0.5353378166383093,0.29529239778594807,-0.25661563304325397,0.15348175668757824,-0.2835717543563332
fever,-0.1978739837641186,0.21566136951938733,0.0,0.1880053906574653,0.056916982886802026,0.057571996224720326,0.16776349219486542,0.10938556824343508,-0.34025375598107016,0.18475782694644508,-0.39982560109362464,0.5530083494843274,-0.31896009993756497,0.3262896814952372,-0.2820007050848192
headache,0.008674023333975892,0.34750706321356645,0.1880053906574653,0.0,-0.10025060123771456,0.011295584558148396,0.3239136043054921,0.09669910392200133,-0.0689262068456965,-0.01731117277018753,-0.2732795481928971,0.5271275524461342,-0.2607892067642934,0.19324422616615514,-0.05888462873497453
lagnat,-0.17969817196763826,0.3181123344607512,0.056916982886802026,-0.10025060123771456,0.0,-0.14668338114001725,0.010394689224945595,0.07630168883379722,-0.18406853300235423,-0.10975130060096686,-0.18708895335999082,-0.10789977146137303,-0.08677907330542282,0.13268855459625814,-0.070094919301279
rashes,-0.14726942622157443,0.21055632482373318,0.057571996224720326,0.011295584558148396,-0.14668338114001725,0.0,0.15641673624331393,0.2221932825007152,-0.41577118313424444,0.3608697534227798,-0.3386480832271355,0.40833326128888064,-0.32789220455450113,0.038786770081523855,-0.4505030881459494
sipon,0.11291084144294838,0.2865489929446569,0.16776349219486542,0.3239136043054921,0.010394689224945595,0.15641673624331393,0.0,-0.04053139879427949,-0.11633096562487517,0.12935732499494956,-0.49926277713186445,0.47425746916758743,-0.31201362439115,-0.027277909978838544,-0.02085355579567768
ubo,-0.2742702319915419,-0.01934513187082228,0.10938556824343508,0.09669910392200133,0.07630168883379722,0.2221932825007152,-0.04053139879427949,0.0,-0.14601391563919436,0.19416513231105692,0.16653408285305976,-0.008473571348030692,-0.2785385230880295,0.16093722110820113,-0.24526952627292423
ecq,0.6538009369198562,-0.18015639893064175,-0.34025375598107016,-0.0689262068456965,-0.18406853300235423,-0.41577118313424444,-0.11633096562487517,-0.14601391563919436,0.0,-0.5143246950578624,0.5195734799830044,-0.30245791238444386,0.5736256540895796,-0.49564916534537684,0.18257335943313668
face-shield,-0.092689248349099,0.27497823530890125,0.18475782694644508,-0.01731117277018753,-0.10975130060096686,0.3608697534227798,0.12935732499494956,0.19416513231105692,-0.5143246950578624,0.0,-0.3369026094090716,0.14215861886931183,-0.19008179725187324,0.012703465783725503,-0.5134729445799532
Frontliners,0.12060472331790786,-0.5353378166383093,-0.39982560109362464,-0.2732795481928971,-0.18708895335999082,-0.3386480832271355,-0.49926277713186445,0.16653408285305976,0.5195734799830044,-0.3369026094090716,0.0,-0.6551039108833638,0.6196667100930919,-0.2503679394046724,0.27207154400202516
masks,0.01068145958650448,0.29529239778594807,0.5530083494843274,0.5271275524461342,-0.10789977146137303,0.40833326128888064,0.47425746916758743,-0.008473571348030692,-0.30245791238444386,0.14215861886931183,-0.6551039108833638,0.0,-0.5891171603152877,0.26053183262051355,-0.25558594112107164
Quarantine,0.16401296873187646,-0.25661563304325397,-0.31896009993756497,-0.2607892067642934,-0.08677907330542282,-0.32789220455450113,-0.31201362439115,-0.2785385230880295,0.5736256540895796,-0.19008179725187324,0.6196667100930919,-0.5891171603152877,0.0,-0.22913815600103757,0.28065361201937444
social-distancing,-0.48190246122050795,0.15348175668757824,0.3262896814952372,0.19324422616615514,0.13268855459625814,0.038786770081523855,-0.027277909978838544,0.16093722110820113,-0.49564916534537684,0.012703465783725503,-0.2503679394046724,0.26053183262051355,-0.22913815600103757,0.0,0.2328788194204512
work-from-home,-0.010703261450198176,-0.2835717543563332,-0.2820007050848192,-0.05888462873497453,-0.070094919301279,-0.4505030881459494,-0.02085355579567768,-0.24526952627292423,0.18257335943313668,-0.5134729445799532,0.27207154400202516,-0.25558594112107164,0.28065361201937444,0.2328788194204512,0.0
