,flu,cough,fever,headache,lagnat,rashes,sipon,ubo,ecq,face-shield,Frontliners,masks,Quarantine,social-distancing,work-from-home
flu,0.0,0.10406309604454404,-0.18885921983417078,-0.07303093034296358,-0.037570519109892,0.15812647728825138,0.12294083158514228,0.42984340512339386,0.3989830252659676,-0.0231472059268981,0.20234564765737426,-0.07303149384596036,0.27508534263998785,0.24748286568429959,0.37597473807893095
cough,0.10406309604454404,0.0,-0.059536203446916916,0.09711914914663912,-0.022677846266465757,-0.0986817935662449,0.07370229765729638,-0.26382113312894534,-0.06038993970438298,-0.2595722333607215,-0.18096551333043137,0.1685380417457078,0.1403868620180752,-0.14968927097317683,-0.08541655291758317
fever,-0.18885921983417078,-0.059536203446916916,0.0,0.38109766480750895,0.004043547954158051,0.06058266012913402,-0.22608754579709903,0.034993305132455264,-0.36842138498266724,0.2610899839145162,-0.2953297243673717,0.12018252582182233,-0.2254740191934189,-0.08627645543326655,-0.0500153344324133
headache,-0.07303093034296358,0.09711914914663912,0.38109766480750895,0.0,0.20198892219585873,0.14397297545958077,0.10428450131919818,0.19277906885637872,-0.2651196708218676,-0.14766096662807363,-0.5246518814420829,0.13329151780234716,-0.11381714639390679,-0.2866877866680678,-0.08178925374782424
lagnat,-0.037570519109892,-0.022677846266465757,0.004043547954158051,0.20198892219585873,0.0,0.2605498959637826,0.3214626452308394,-0.07451524905286207,-0.3544804405025864,-0.20090587020702652,-0.14747865753820538,0.13961083213469133,-0.22799551617289848,-0.4740219134408359,-0.33350572603073925
rashes,0.15812647728825138,-0.0986817935662449,0.06058266012913402,0.14397297545958077,0.2605498959637826,0.0,0.25349410717929,0.3384674905784246,0.013944079949106649,0.12238290835323015,0.010020670612347925,-0.08913654435190561,-0.252278643601735,-0.045474160101589126,-0.035341991384313015
sipon,0.12294083158514228,0.07370229765729638,-0.22608754579709903,0.10428450131919818,0.3214626452308394,0.25349410717929,0.0,0.06504969120371823,0.041868462856036986,-0.3849314305147481,-0.2831939271626512,0.3130258763791838,0.03272626156956794,-0.13028587049248627,-0.02016235636283355
ubo,0.42984340512339386,-0.26382113312894534,0.034993305132455264,0.19277906885637872,-0.07451524905286207,0.3384674905784246,0.06504969120371823,0.0,0.4406904829445046,0.1490054421866368,0.14611022556233558,0.09128739816982799,0.13404788356409061,-0.03672759690115335,0.25583014877997534
ecq,0.3989830252659676,-0.06038993970438298,-0.36842138498266724,-0.2651196708218676,-0.3544804405025864,0.013944079949106649,0.041868462856036986,0.4406904829445046,0.0,0.06525818060882259,0.5651168544626061,-0.1923217000605785,0.35404877643822996,0.4702810394405752,0.18816812228339294
face-shield,-0.0231472059268981,-0.2595722333607215,0.2610899839145162,-0.14766096662807363,-0.20090587020702652,0.12238290835323015,-0.3849314305147481,0.1490054421866368,0.06525818060882259,0.0,0.34204994449491644,-0.31970236931427226,-0.1600782014407258,0.1951533794431073,0.03967512339545522
Frontliners,0.20234564765737426,-0.18096551333043137,-0.2953297243673717,-0.5246518814420829,-0.14747865753820538,0.010020670612347925,-0.2831939271626512,0.14611022556233558,0.5651168544626061,0.34204994449491644,0.0,-0.3465808876861997,0.25859994947493664,0.3400760230711438,0.0469483527658644
masks,-0.07303149384596036,0.1685380417457078,0.12018252582182233,0.13329151780234716,0.13961083213469133,-0.08913654435190561,0.3130258763791838,0.09128739816982799,-0.1923217000605785,-0.31970236931427226,-0.3465808876861997,0.0,0.187350648357295,-0.45646924238815184,-0.02134559683658032
Quarantine,0.27508534263998785,0.1403868620180752,-0.2254740191934189,-0.11381714639390679,-0.22799551617289848,-0.252278643601735,0.03272626156956794,0.13404788356409061,0.35404877643822996,-0.1600782014407258,0.25859994947493664,0.187350648357295,0.0,-0.016856747749405297,0.11647707085691118
social-distancing,0.24748286568429959,-0.14968927097317683,-0.08627645543326655,-0.2866877866680678,-0.4740219134408359,-0.045474160101589126,-0.13028587049248627,-0.03672759690115335,0.4702810394405752,0.1951533794431073,0.3400760230711438,-0.45646924238815184,-0.016856747749405297,0.0,0.19514659569342077
work-from-home,0.37597473807893095,-0.08541655291758317,-0.0500153344324133,-0.08178925374782424,-0.33350572603073925,-0.035341991384313015,-0.02016235636283355,0.25583014877997534,0.18816812228339294,0.03967512339545522,0.0469483527658644,-0.02134559683658032,0.11647707085691118,0.19514659569342077,0.0
