,flu,cough,fever,headache,lagnat,rashes,sipon,ubo,ecq,face-shield,Frontliners,masks,Quarantine,social-distancing,work-from-home
flu,0.0,-0.10107738893181958,0.0460534104174321,0.1129706710727665,-0.23730706474253735,-0.21463008954285295,-0.052505565706935986,-0.32235363435390235,0.508072502621222,-0.11533012389200767,-0.047653377954054756,0.16816981029299582,0.41020462849602396,-0.24019398823495938,0.12375398688855571
cough,-0.10107738893181958,0.0,0.18910863056409255,0.520248847523588,0.36537983680290714,0.05178235195701998,-0.13386010247866093,-0.009181506379579854,0.0216505230930172,-0.11868053072649844,-0.422413093708674,0.07525542194803835,-0.3206537822182847,0.1717847667110969,-0.08752494247967386
fever,0.0460534104174321,0.18910863056409255,0.0,0.09981320285194657,-0.08196948502304889,-0.15577084711750777,-0.103691511396109,-0.04759073752089816,-0.20478282722010274,0.207451787464143,-0.2815989857928687,0.17409876977385186,-0.02149287768652751,0.19212484827758722,-0.18599006805608956
headache,0.1129706710727665,0.520248847523588,0.09981320285194657,0.0,-0.037527692636472716,-0.24580889620810836,0.017662412993520536,-0.02936621818849191,0.15553780033863615,-0.045265192905490546,-0.1251320437183026,0.2056178418227835,-0.07079585783810834,-0.09531783183002907,-0.08022568474087749
lagnat,-0.23730706474253735,0.36537983680290714,-0.08196948502304889,-0.037527692636472716,0.0,-0.08544824014099944,-0.1339977804738944,-0.04946432054833958,-0.008547193006714866,-0.30473213478638816,-0.0544216840455493,-0.041730412454356436,-0.2773567367630105,0.12560692113892255,-0.003093984142948618
rashes,-0.21463008954285295,0.05178235195701998,-0.15577084711750777,-0.24580889620810836,-0.08544824014099944,0.0,0.0028177185403770325,0.43768609092535404,-0.3439336035033804,0.3435630830196858,0.1166319677641383,0.1796364532860931,-0.2933948818156837,-0.11982120788093562,-0.4332428143091862
sipon,-0.052505565706935986,-0.13386010247866093,-0.103691511396109,0.017662412993520536,-0.1339977804738944,0.0028177185403770325,0.0,0.1310166246212575,-0.04672287739582395,0.17938560067273587,0.09495753371386774,0.005049804643032158,-0.018110266897053126,-0.046918300719400494,0.1982890607434376
ubo,-0.32235363435390235,-0.009181506379579854,-0.04759073752089816,-0.02936621818849191,-0.04946432054833958,0.43768609092535404,0.1310166246212575,0.0,-0.33989822523514757,0.34043794034022196,-0.013063959037120815,-0.016053056942362177,-0.31045617002246734,0.19567677889740756,-0.1978572638187243
ecq,0.508072502621222,0.0216505230930172,-0.20478282722010274,0.15553780033863615,-0.008547193006714866,-0.3439336035033804,-0.04672287739582395,-0.33989822523514757,0.0,-0.6030709686652496,-0.16984671160049045,0.25808301901122693,0.17214931418487475,-0.292089147456429,0.27284006143813916
face-shield,-0.11533012389200767,-0.11868053072649844,0.207451787464143,-0.045265192905490546,-0.30473213478638816,0.3435630830196858,0.17938560067273587,0.34043794034022196,-0.6030709686652496,0.0,0.060190395606840905,0.013360450133184853,0.04677456577851383,0.05451575893682588,-0.4115765817533592
Frontliners,-0.047653377954054756,-0.422413093708674,-0.2815989857928687,-0.1251320437183026,-0.0544216840455493,0.1166319677641383,0.09495753371386774,-0.013063959037120815,-0.16984671160049045,0.060190395606840905,0.0,0.3343552265383434,0.2305157474221178,-0.0492954912617162,0.13424393497615233
masks,0.16816981029299582,0.07525542194803835,0.17409876977385186,0.2056178418227835,-0.041730412454356436,0.1796364532860931,0.005049804643032158,-0.016053056942362177,0.25808301901122693,0.013360450133184853,0.3343552265383434,0.0,-0.14816825352180626,-0.06414280698763639,-0.15580525663698247
Quarantine,0.41020462849602396,-0.3206537822182847,-0.02149287768652751,-0.07079585783810834,-0.2773567367630105,-0.2933948818156837,-0.018110266897053126,-0.31045617002246734,0.17214931418487475,0.04677456577851383,0.2305157474221178,-0.14816825352180626,0.0,-0.07348477457975414,0.3768839426521528
social-distancing,-0.24019398823495938,0.1717847667110969,0.19212484827758722,-0.09531783183002907,0.12560692113892255,-0.11982120788093562,-0.046918300719400494,0.19567677889740756,-0.292089147456429,0.05451575893682588,-0.0492954912617162,-0.06414280698763639,-0.07348477457975414,0.0,0.32489511039033764
work-from-home,0.12375398688855571,-0.08752494247967386,-0.18599006805608956,-0.08022568474087749,-0.003093984142948618,-0.4332428143091862,0.1982890607434376,-0.1978572638187243,0.27284006143813916,-0.4115765817533592,0.13424393497615233,-0.15580525663698247,0.3768839426521528,0.32489511039033764,0.0
