,flu,cough,fever,headache,lagnat,rashes,sipon,ubo,ecq,face-shield,Frontliners,masks,Quarantine,social-distancing,work-from-home
flu,0.0,-0.21778656246038994,0.00920541866430843,0.3255140070313401,0.0883917067487143,0.0224491455635216,-0.34167151320995875,0.01355010176982201,-0.1536754173271419,0.14169515691564963,-0.1211960457549431,-0.10656273676093324,0.07900478787804746,0.14242694192777788,-0.17466285439516316
cough,-0.21778656246038994,0.0,0.11725976499107778,-0.012122870793260146,0.06390433414707127,-0.3458179159806365,0.10011673217105088,-0.049508247539836965,-0.2908988546408254,-0.43736812812671183,-0.13932002946122626,-0.019390326551642505,-0.1514896420462174,-0.20833681712388685,-0.01064946740033691
fever,0.00920541866430843,0.11725976499107778,0.0,-0.11239099339232,-0.05382475716365309,-0.27315851738911817,-0.2571594150168383,0.08279267599019152,-0.18450853503683587,0.3419133882949402,0.3455109285175884,0.31057728416728075,0.313780650033515,0.03743837094975777,-0.02988268635713116
headache,0.3255140070313401,-0.012122870793260146,-0.11239099339232,0.0,0.2644094467726328,0.2981202111055303,-0.07300834604525125,-0.021624246117846857,0.009726753615020482,0.20581156201672865,-0.3265898080486856,-0.08852156337295168,0.13782403261819304,-0.27637816090148126,-0.2521916355172739
lagnat,0.0883917067487143,0.06390433414707127,-0.05382475716365309,0.2644094467726328,0.0,0.18605450170998486,0.2897092355000989,0.2190443564626357,-0.26412556027086553,-0.030266830004807437,-0.18230268267798347,0.1741602516856825,0.05024451598226515,-0.27536950708260566,-0.3507341003585254
rashes,0.0224491455635216,-0.3458179159806365,-0.27315851738911817,0.2981202111055303,0.18605450170998486,0.0,0.09990856716809379,0.010410861358398254,0.15167395234265435,0.133257177684325,-0.20731137822967527,-0.22513725898280249,-0.06404899531356481,-0.12460506794770987,-0.1448480404702839
sipon,-0.34167151320995875,0.10011673217105088,-0.2571594150168383,-0.07300834604525125,0.2897092355000989,0.09990856716809379,0.0,0.2371168604085186,-0.06399256779425466,-0.3971132211641166,-0.31185681418569644,0.18236611835588024,-0.2997763203449589,-0.03092046596682348,0.04636905611857474
ubo,0.01355010176982201,-0.049508247539836965,0.08279267599019152,-0.021624246117846857,0.2190443564626357,0.010410861358398254,0.2371168604085186,0.0,-0.35304690050371335,0.36933157476973244,-0.13815426284006566,0.13903800267464497,0.16423030837106006,-0.17036588231714742,0.32902984934041285
ecq,-0.1536754173271419,-0.2908988546408254,-0.18450853503683587,0.009726753615020482,-0.26412556027086553,0.15167395234265435,-0.06399256779425466,-0.35304690050371335,0.0,0.07590188194079374,0.4592193656555685,0.07128870604384693,0.13605753224280534,0.22346072153242383,0.3595911501924161
face-shield,0.14169515691564963,-0.43736812812671183,0.3419133882949402,0.20581156201672865,-0.030266830004807437,0.133257177684325,-0.3971132211641166,0.36933157476973244,0.07590188194079374,0.0,0.41006973534828395,0.1374210367439337,0.6514242800492587,0.10599748768908993,0.1880617406978164
Frontliners,-0.1211960457549431,-0.13932002946122626,0.3455109285175884,-0.3265898080486856,-0.18230268267798347,-0.20731137822967527,-0.31185681418569644,-0.13815426284006566,0.4592193656555685,0.41006973534828395,0.0,0.30483886877089333,0.3791088622056795,0.29479763109600854,0.1439052061628188
masks,-0.10656273676093324,-0.019390326551642505,0.31057728416728075,-0.08852156337295168,0.1741602516856825,-0.22513725898280249,0.18236611835588024,0.13903800267464497,0.07128870604384693,0.1374210367439337,0.30483886877089333,0.0,0.33388441020503035,-0.15450804204876373,0.08453253217676147
Quarantine,0.07900478787804746,-0.1514896420462174,0.313780650033515,0.13782403261819304,0.05024451598226515,-0.06404899531356481,-0.2997763203449589,0.16423030837106006,0.13605753224280534,0.6514242800492587,0.3791088622056795,0.33388441020503035,0.0,0.11485130736674252,0.32764062023253443
social-distancing,0.14242694192777788,-0.20833681712388685,0.03743837094975777,-0.27637816090148126,-0.27536950708260566,-0.12460506794770987,-0.03092046596682348,-0.17036588231714742,0.22346072153242383,0.10599748768908993,0.29479763109600854,-0.15450804204876373,0.11485130736674252,0.0,0.133646968292331
work-from-home,-0.17466285439516316,-0.01064946740033691,-0.02988268635713116,-0.2521916355172739,-0.3507341003585254,-0.1448480404702839,0.04636905611857474,0.32902984934041285,0.3595911501924161,0.1880617406978164,0.1439052061628188,0.08453253217676147,0.32764062023253443,0.133646968292331,0.0
