,flu,cough,fever,headache,lagnat,rashes,sipon,ubo,ecq,face-shield,Frontliners,masks,Quarantine,social-distancing,work-from-home
flu,0.0,0.022711259147486965,0.45493190840703784,0.12549415192320418,-0.13394826559932715,0.29334704630747216,0.32359756238813137,0.2621955100857242,0.14505542821767384,0.3021529521703563,-0.04475170410666831,-0.15847795858587152,0.46493570078813773,-0.10686488413271758,0.23836299576157235
cough,0.022711259147486965,0.0,0.07279965161662827,0.19001041684072337,0.052176265098333806,0.14182004118156014,0.10693102787812349,-0.0787980040249954,0.12748790305453417,0.40489415710969084,0.008560719382575101,-0.080761559167523,0.030626535710150556,-0.04625165958540396,0.04457313635857534
fever,0.45493190840703784,0.07279965161662827,0.0,0.46468712465435,0.05030009277555688,0.5557613578576097,0.3798425467538156,0.23099425506537358,0.1520176024560129,0.1602741133864681,-0.0489453333125537,-0.20222583765523816,0.48593894502247204,-0.07496812998069723,0.01035448087920227
headache,0.12549415192320418,0.19001041684072337,0.46468712465435,0.0,0.055165839896154,0.4699281546819156,0.10361844045936228,-0.012427115817794406,-0.16251638097303067,0.0880394138654382,-0.03714279171973826,-0.11380238478314178,-0.031950132093835175,-0.267431209716324,-0.02182108199496768
lagnat,-0.13394826559932715,0.052176265098333806,0.05030009277555688,0.055165839896154,0.0,0.2567605916766513,0.1358680458381771,0.25862536532670816,-0.06844955042432435,0.14309347835137062,-0.03848156773250823,-0.15212354386423887,-0.03641647674623972,-0.08735520893306367,0.046274808178574815
rashes,0.29334704630747216,0.14182004118156014,0.5557613578576097,0.4699281546819156,0.2567605916766513,0.0,0.3635384757163364,-0.016771005408344343,-0.16137776291896708,0.5076403117163029,0.0375962261743824,-0.03001697894460417,0.36227283790239095,0.040280493308815536,0.430034993947482
sipon,0.32359756238813137,0.10693102787812349,0.3798425467538156,0.10361844045936228,0.1358680458381771,0.3635384757163364,0.0,0.4601499578528523,0.32249875549231144,0.1277985854898421,0.1165741800658999,-0.09159327976400175,0.38043975489872595,-0.22334494432587595,-0.1996689238193362
ubo,0.2621955100857242,-0.0787980040249954,0.23099425506537358,-0.012427115817794406,0.25862536532670816,-0.016771005408344343,0.4601499578528523,0.0,0.313901755819604,-0.19079234244753054,-0.15003768262053005,-0.05736988165254075,0.22014828663418398,-0.35881471361697814,-0.21065284297555156
ecq,0.14505542821767384,0.12748790305453417,0.1520176024560129,-0.16251638097303067,-0.06844955042432435,-0.16137776291896708,0.32249875549231144,0.313901755819604,0.0,-0.19483754576516002,0.3729826213716975,0.17281291462710358,0.5085230558758196,0.00856896770051618,-0.3882462095093996
face-shield,0.3021529521703563,0.40489415710969084,0.1602741133864681,0.0880394138654382,0.14309347835137062,0.5076403117163029,0.1277985854898421,-0.19079234244753054,-0.19483754576516002,0.0,-0.15152384511013647,-0.22470973590812565,0.3368582549497176,-0.00640367578196712,0.2851414238382253
Frontliners,-0.04475170410666831,0.008560719382575101,-0.0489453333125537,-0.03714279171973826,-0.03848156773250823,0.0375962261743824,0.1165741800658999,-0.15003768262053005,0.3729826213716975,-0.15152384511013647,0.0,0.5510093863351877,0.20585847544644562,0.051303500166735266,0.022349524961557697
masks,-0.15847795858587152,-0.080761559167523,-0.20222583765523816,-0.11380238478314178,-0.15212354386423887,-0.03001697894460417,-0.09159327976400175,-0.05736988165254075,0.17281291462710358,-0.22470973590812565,0.5510093863351877,0.0,0.20594671386498506,0.13983766104080972,-0.10135008923762198
Quarantine,0.46493570078813773,0.030626535710150556,0.48593894502247204,-0.031950132093835175,-0.03641647674623972,0.36227283790239095,0.38043975489872595,0.22014828663418398,0.5085230558758196,0.3368582549497176,0.20585847544644562,0.20594671386498506,0.0,-0.12631064007310594,-0.05490139422923064
social-distancing,-0.10686488413271758,-0.04625165958540396,-0.07496812998069723,-0.267431209716324,-0.08735520893306367,0.040280493308815536,-0.22334494432587595,-0.35881471361697814,0.00856896770051618,-0.00640367578196712,0.051303500166735266,0.13983766104080972,-0.12631064007310594,0.0,0.18403449218459372
work-from-home,0.23836299576157235,0.04457313635857534,0.01035448087920227,-0.02182108199496768,0.046274808178574815,0.430034993947482,-0.1996689238193362,-0.21065284297555156,-0.3882462095093996,0.2851414238382253,0.022349524961557697,-0.10135008923762198,-0.05490139422923064,0.18403449218459372,0.0
