,flu,cough,fever,headache,lagnat,rashes,sipon,ubo,ecq,face-shield,Frontliners,masks,Quarantine,social-distancing,work-from-home
flu,0.0,-0.37607458683187683,-0.20548190748546422,-0.07121767178744835,0.2819813991202818,0.33397058187280754,-0.12441553775810354,-0.6619437337147265,0.3311124623293874,-0.24433670044958702,-0.4271799578433831,-0.436471957969535,0.7521883134487211,0.5392352765274303,0.5327587118497287
cough,-0.37607458683187683,0.0,0.7019515540279218,0.03668578008796431,-0.10599423807487285,0.02704967221514812,0.13292746295874058,0.4724279676382622,-0.5451082230777191,0.23808981878240895,0.49221241632166024,0.20841784131448518,-0.445807579677527,-0.39287144466924434,-0.33018614475529373
fever,-0.20548190748546422,0.7019515540279218,0.0,0.2807517896356671,-0.0680569607425549,0.14772438384566242,0.2500745974814087,0.45345913761708634,-0.5828964344670842,0.06345749063207225,0.3115391611059617,-0.003963128766208481,-0.3716019726587128,-0.2948829426630626,-0.3670345085292901
headache,-0.07121767178744835,0.03668578008796431,0.2807517896356671,0.0,0.005945693126796338,0.14133648958067643,-0.11245870233553946,0.2303751865760098,-0.161174810663302,0.062210934082132394,0.08018005889851283,0.1489932933635637,-0.18446190665886442,-0.13646275772699343,-0.32125058557239466
lagnat,0.2819813991202818,-0.10599423807487285,-0.0680569607425549,0.005945693126796338,0.0,0.03804154512331408,0.1952880645264568,-0.11389197241694629,0.14420068516434187,-0.37419082293603073,0.026180654080145284,0.006153805801541102,0.16844135263033147,0.06625941175495069,0.08247857441687832
rashes,0.33397058187280754,0.02704967221514812,0.14772438384566242,0.14133648958067643,0.03804154512331408,0.0,-0.2527544597015947,0.12183014151146067,-0.03541508953622977,0.022402497526033547,-0.2015044045322956,-0.3643680724473386,0.29879423732892746,0.3044507108236358,0.3248781139124132
sipon,-0.12441553775810354,0.13292746295874058,0.2500745974814087,-0.11245870233553946,0.1952880645264568,-0.2527544597015947,0.0,0.06927808054245349,0.1723731430376374,-0.05961118581915433,0.2145851760753011,0.12384159867845855,0.14194701725323725,0.0682204400650581,-0.12646883539771864
ubo,-0.6619437337147265,0.4724279676382622,0.45345913761708634,0.2303751865760098,-0.11389197241694629,0.12183014151146067,0.06927808054245349,0.0,-0.5320550138711883,0.21965779863061974,0.3191870469520024,0.33417792074676195,-0.566129714603756,-0.18975967657610174,-0.3033834129792418
ecq,0.3311124623293874,-0.5451082230777191,-0.5828964344670842,-0.161174810663302,0.14420068516434187,-0.03541508953622977,0.1723731430376374,-0.5320550138711883,0.0,0.08931086197507677,-0.14913394862387847,0.06194059402059796,0.6968032555194431,0.45203067220853616,0.4884116516736281
face-shield,-0.24433670044958702,0.23808981878240895,0.06345749063207225,0.062210934082132394,-0.37419082293603073,0.022402497526033547,-0.05961118581915433,0.21965779863061974,0.08931086197507677,0.0,0.1513784667028302,0.3446169468553947,-0.09339098271757044,0.0959296528095613,0.11030808234250772
Frontliners,-0.4271799578433831,0.49221241632166024,0.3115391611059617,0.08018005889851283,0.026180654080145284,-0.2015044045322956,0.2145851760753011,0.3191870469520024,-0.14913394862387847,0.1513784667028302,0.0,0.47647347160602016,-0.17075379719479897,-0.26061257691051015,-0.20003685921930273
masks,-0.436471957969535,0.20841784131448518,-0.003963128766208481,0.1489932933635637,0.006153805801541102,-0.3643680724473386,0.12384159867845855,0.33417792074676195,0.06194059402059796,0.3446169468553947,0.47647347160602016,0.0,-0.25619502985094494,0.08773196209797675,-0.08922999803502236
Quarantine,0.7521883134487211,-0.445807579677527,-0.3716019726587128,-0.18446190665886442,0.16844135263033147,0.29879423732892746,0.14194701725323725,-0.566129714603756,0.6968032555194431,-0.09339098271757044,-0.17075379719479897,-0.25619502985094494,0.0,0.6337096853042488,0.6975507246987003
social-distancing,0.5392352765274303,-0.39287144466924434,-0.2948829426630626,-0.13646275772699343,0.06625941175495069,0.3044507108236358,0.0682204400650581,-0.18975967657610174,0.45203067220853616,0.0959296528095613,-0.26061257691051015,0.08773196209797675,0.6337096853042488,0.0,0.7659572957162122
work-from-home,0.5327587118497287,-0.33018614475529373,-0.3670345085292901,-0.32125058557239466,0.08247857441687832,0.3248781139124132,-0.12646883539771864,-0.3033834129792418,0.4884116516736281,0.11030808234250772,-0.20003685921930273,-0.08922999803502236,0.6975507246987003,0.7659572957162122,0.0
