,flu,cough,fever,headache,lagnat,rashes,sipon,ubo,ecq,face-shield,Frontliners,masks,Quarantine,social-distancing,work-from-home
flu,0.0,-0.14277911074676775,0.10980743632981593,0.3575182664511441,0.2823992220032532,0.13755739413059226,-0.345659014957209,-0.19015269711943036,-0.30499955081215724,-0.04798311263443475,-0.2089487469708122,-0.21259925400117952,-0.05553012814056255,0.06452081522558731,-0.30931490286801094
cough,-0.14277911074676775,0.0,0.040380889694893944,0.037637356761423844,0.042045609773780517,-0.3980409432707564,-0.06437641287902342,0.020409992064813833,-0.46426897745099277,-0.44830387458929993,-0.22553957189697893,-0.08767033418723043,-0.22118606252723033,-0.14816638962663536,-0.15804604159137464
fever,0.10980743632981593,0.040380889694893944,0.0,-0.07656228151670334,-0.0493750897633719,-0.09034902069230566,-0.006292228913393048,0.015290711988323435,-0.004640317655260088,0.2726528317284841,0.437233828917383,0.2919662925997455,0.4705317398931102,0.19753234486766572,0.12248942944802778
headache,0.3575182664511441,0.037637356761423844,-0.07656228151670334,0.0,0.2341437325890626,0.22830302468089317,0.0190491392557831,-0.1852073080762462,-0.05749574285418204,-0.030224781812867023,-0.36269824302547243,-0.26037241338844086,-0.04011911996071136,-0.18443456479044734,-0.2903472048385513
lagnat,0.2823992220032532,0.042045609773780517,-0.0493750897633719,0.2341437325890626,0.0,0.09248339437533337,0.23273088744576326,0.3340420142190029,-0.3162825290240767,-0.0380848876211703,-0.25621610033068953,-0.1339172641022397,-0.19218775313290198,-0.24201083824079136,-0.14626148493099908
rashes,0.13755739413059226,-0.3980409432707564,-0.09034902069230566,0.22830302468089317,0.09248339437533337,0.0,0.2330845285451016,-0.19582611246525622,0.11168922575392155,0.0975301422185456,-0.032327380798378574,-0.4215540829432277,-0.17520406692311932,-0.024380252512300648,0.16289339779283227
sipon,-0.345659014957209,-0.06437641287902342,-0.006292228913393048,0.0190491392557831,0.23273088744576326,0.2330845285451016,0.0,0.3639743824431882,-0.019096755919357788,0.027057312167906487,-0.09427474305463374,0.04588354459828436,0.033859538618266315,0.07434550691552361,0.2131930467909257
ubo,-0.19015269711943036,0.020409992064813833,0.015290711988323435,-0.1852073080762462,0.3340420142190029,-0.19582611246525622,0.3639743824431882,0.0,-0.3141234832991156,0.2800438264549223,-0.21581324084159356,0.2887079254860622,0.09752199103518287,-0.15431667543713068,0.16882885990959492
ecq,-0.30499955081215724,-0.46426897745099277,-0.004640317655260088,-0.05749574285418204,-0.3162825290240767,0.11168922575392155,-0.019096755919357788,-0.3141234832991156,0.0,0.2961633057106701,0.5474011111157986,0.278273967592194,0.4563684042159273,0.27782423489212016,0.45320615555321625
face-shield,-0.04798311263443475,-0.44830387458929993,0.2726528317284841,-0.030224781812867023,-0.0380848876211703,0.0975301422185456,0.027057312167906487,0.2800438264549223,0.2961633057106701,0.0,0.43202858822092965,0.3365074972964523,0.4461381524940211,0.1756817157158086,0.34227766162830986
Frontliners,-0.2089487469708122,-0.22553957189697893,0.437233828917383,-0.36269824302547243,-0.25621610033068953,-0.032327380798378574,-0.09427474305463374,-0.21581324084159356,0.5474011111157986,0.43202858822092965,0.0,0.4219822506032168,0.4203485285800989,0.38184575629193057,0.35909972486451386
masks,-0.21259925400117952,-0.08767033418723043,0.2919662925997455,-0.26037241338844086,-0.1339172641022397,-0.4215540829432277,0.04588354459828436,0.2887079254860622,0.278273967592194,0.3365074972964523,0.4219822506032168,0.0,0.37533018752380537,-0.006367527603338215,0.12923144839608516
Quarantine,-0.05553012814056255,-0.22118606252723033,0.4705317398931102,-0.04011911996071136,-0.19218775313290198,-0.17520406692311932,0.033859538618266315,0.09752199103518287,0.4563684042159273,0.4461381524940211,0.4203485285800989,0.37533018752380537,0.0,0.3185682586041195,0.29740158917862025
social-distancing,0.06452081522558731,-0.14816638962663536,0.19753234486766572,-0.18443456479044734,-0.24201083824079136,-0.024380252512300648,0.07434550691552361,-0.15431667543713068,0.27782423489212016,0.1756817157158086,0.38184575629193057,-0.006367527603338215,0.3185682586041195,0.0,0.14725397594944314
work-from-home,-0.30931490286801094,-0.15804604159137464,0.12248942944802778,-0.2903472048385513,-0.14626148493099908,0.16289339779283227,0.2131930467909257,0.16882885990959492,0.45320615555321625,0.34227766162830986,0.35909972486451386,0.12923144839608516,0.29740158917862025,0.14725397594944314,0.0
