,flu,cough,fever,headache,lagnat,rashes,sipon,ubo,ecq,face-shield,Frontliners,masks,Quarantine,social-distancing,work-from-home
flu,0.0,0.40796899587828,0.31827941491134343,0.048728619711029084,0.5505862449161079,-0.22172992071883824,0.016611035661992686,0.3723956604362989,0.3600831030349402,0.8389854223256006,-0.4906149997350272,0.4053862359465869,0.10917857099659557,0.1061606300030424,0.25932999387982414
cough,0.40796899587828,0.0,0.027520276390250432,-0.12260663112917955,0.10809798966600377,-0.24926507532817016,0.2038532131398679,0.11809164322641001,-0.006264810996583582,0.45334445804867,0.006380576640294868,0.1632912404335384,-0.08258886878690087,-0.2978490616002302,0.01533678174544877
fever,0.31827941491134343,0.027520276390250432,0.0,0.31200688943285565,0.0745268207859326,0.2553258449858763,-0.04480539774730733,0.21407763210511413,-0.05235338494301963,0.2501007001308796,-0.14992933810119913,-0.2664926245815008,-0.07609280853855514,0.09107334813983682,0.08628811915908037
headache,0.048728619711029084,-0.12260663112917955,0.31200688943285565,0.0,-0.19968271332870804,0.227769260257072,0.0019352476228596755,0.053299919775936476,-0.10283988258419484,-0.005545251559615882,0.2716872700821464,-0.0419603937908063,-0.2007499780058103,0.19312855532566928,-0.029288056848358984
lagnat,0.5505862449161079,0.10809798966600377,0.0745268207859326,-0.19968271332870804,0.0,-0.20080807668805592,0.013782762950984998,0.14491261627778856,0.0385888685189391,0.49494904562936537,-0.36921947924751913,0.2774011029837518,-0.18046791727456152,-0.14589181966545484,0.25643344813217445
rashes,-0.22172992071883824,-0.24926507532817016,0.2553258449858763,0.227769260257072,-0.20080807668805592,0.0,0.03659434053634556,0.14799198275707515,-0.4240359056387116,-0.32364180024392064,0.06503896103134575,-0.3299974530654215,-0.3194843824199116,0.03644791591867027,-0.4496270672305848
sipon,0.016611035661992686,0.2038532131398679,-0.04480539774730733,0.0019352476228596755,0.013782762950984998,0.03659434053634556,0.0,0.09765363077970102,-0.008093488430650055,0.0850278702514779,0.01689860391622145,-0.23773566510687155,-0.12526926471171623,-0.16147112776104264,-0.1077323971012535
ubo,0.3723956604362989,0.11809164322641001,0.21407763210511413,0.053299919775936476,0.14491261627778856,0.14799198275707515,0.09765363077970102,0.0,-0.09845013184146863,0.2996091107402165,-0.3492162509293562,0.0835316532553639,-0.24678166692292008,0.0969077129981008,0.3113413165283926
ecq,0.3600831030349402,-0.006264810996583582,-0.05235338494301963,-0.10283988258419484,0.0385888685189391,-0.4240359056387116,-0.008093488430650055,-0.09845013184146863,0.0,0.41527394366031944,-0.22433748016607682,0.11115399564385928,0.8004238345191431,-0.05694302450923352,0.4036225634825774
face-shield,0.8389854223256006,0.45334445804867,0.2501007001308796,-0.005545251559615882,0.49494904562936537,-0.32364180024392064,0.0850278702514779,0.2996091107402165,0.41527394366031944,0.0,-0.4283672152567003,0.2791865478386037,0.12365802503548785,-0.11108685061190178,0.43377433624236195
Frontliners,-0.4906149997350272,0.006380576640294868,-0.14992933810119913,0.2716872700821464,-0.36921947924751913,0.06503896103134575,0.01689860391622145,-0.3492162509293562,-0.22433748016607682,-0.4283672152567003,0.0,-0.29142539775135773,0.1002292897383989,0.06423870993033594,-0.08995379244226755
masks,0.4053862359465869,0.1632912404335384,-0.2664926245815008,-0.0419603937908063,0.2774011029837518,-0.3299974530654215,-0.23773566510687155,0.0835316532553639,0.11115399564385928,0.2791865478386037,-0.29142539775135773,0.0,0.04872923637569536,0.2690968772857537,0.17037328311417538
Quarantine,0.10917857099659557,-0.08258886878690087,-0.07609280853855514,-0.2007499780058103,-0.18046791727456152,-0.3194843824199116,-0.12526926471171623,-0.24678166692292008,0.8004238345191431,0.12365802503548785,0.1002292897383989,0.04872923637569536,0.0,0.05585097718699157,0.2750319573386622
social-distancing,0.1061606300030424,-0.2978490616002302,0.09107334813983682,0.19312855532566928,-0.14589181966545484,0.03644791591867027,-0.16147112776104264,0.0969077129981008,-0.05694302450923352,-0.11108685061190178,0.06423870993033594,0.2690968772857537,0.05585097718699157,0.0,0.01635777122833974
work-from-home,0.25932999387982414,0.01533678174544877,0.08628811915908037,-0.029288056848358984,0.25643344813217445,-0.4496270672305848,-0.1077323971012535,0.3113413165283926,0.4036225634825774,0.43377433624236195,-0.08995379244226755,0.17037328311417538,0.2750319573386622,0.01635777122833974,0.0
