,flu,cough,fever,headache,lagnat,rashes,sipon,ubo,ecq,face-shield,Frontliners,masks,Quarantine,social-distancing,work-from-home
flu,0.0,0.013657181116462797,0.431087551911984,0.13398025661266302,-0.10164707043956611,0.22502709917445657,0.3037357356897938,0.27963505273900563,0.17645499786391514,0.2644497421083244,-0.02416727628795477,-0.15384399076959282,0.4656664008585595,-0.15832159950782212,0.23904078699865372
cough,0.013657181116462797,0.0,0.07560504457042062,0.20202035029966667,0.06344280935775883,0.13722871016117108,0.11137992814641175,-0.05348540619040838,0.14243006349328416,0.4035823034277864,-0.006863880406753411,-0.09046827086799142,0.05129760914228979,-0.08056641489150211,0.015411395091563704
fever,0.431087551911984,0.07560504457042062,0.0,0.4619829112315062,0.03712420311170077,0.5575451747679528,0.38448223757288635,0.23728233681881317,0.13806409729312275,0.172036268869473,-0.06046121562782751,-0.20460907450810598,0.49439837212985605,-0.059356596408629815,0.008590731083787807
headache,0.13398025661266302,0.20202035029966667,0.4619829112315062,0.0,0.04517212748723254,0.45220931175549467,0.09908819996358535,-0.0415451736667422,-0.1769464827292395,0.08458726862629351,-0.021078766607437138,-0.10540642569594513,-0.052816007153574096,-0.24938218512162807,0.00852382391782891
lagnat,-0.10164707043956611,0.06344280935775883,0.03712420311170077,0.04517212748723254,0.0,0.21651862891317816,0.12079266844769951,0.23008033293891494,-0.07161102847547124,0.1215903733458889,-0.0030186768615783604,-0.1367739886099372,-0.06805626568255713,-0.0685020850907898,0.0938894256118783
rashes,0.22502709917445657,0.13722871016117108,0.5575451747679528,0.45220931175549467,0.21651862891317816,0.0,0.3736248818779645,0.0013691235566000515,-0.18630191124524456,0.526208386946522,-0.011299501742349241,-0.04389498391466099,0.3774591400639569,0.07106229403655487,0.39956327662266206
sipon,0.3037357356897938,0.11137992814641175,0.38448223757288635,0.09908819996358535,0.12079266844769951,0.3736248818779645,0.0,0.46992952664485504,0.30654829143017737,0.1398577294237914,0.10629736863681483,-0.09280165596203707,0.3848459538773839,-0.208871104678373,-0.20443377424547482
ubo,0.27963505273900563,-0.05348540619040838,0.23728233681881317,-0.0415451736667422,0.23008033293891494,0.0013691235566000515,0.46992952664485504,0.0,0.2803889301043468,-0.1896705946430446,-0.12360461928551081,-0.037947166228690966,0.18179715012820008,-0.29121571187748124,-0.14765403156977244
ecq,0.17645499786391514,0.14243006349328416,0.13806409729312275,-0.1769464827292395,-0.07161102847547124,-0.18630191124524456,0.30654829143017737,0.2803889301043468,0.0,-0.21333304278728923,0.41288521266045036,0.1921716754339469,0.48138748199367637,0.04043475530553738,-0.3506347982055242
face-shield,0.2644497421083244,0.4035823034277864,0.172036268869473,0.08458726862629351,0.1215903733458889,0.526208386946522,0.1398577294237914,-0.1896705946430446,-0.21333304278728923,0.0,-0.1741153549662914,-0.2295435123538533,0.3481596057107844,0.01694601585993882,0.2803734904045424
Frontliners,-0.02416727628795477,-0.006863880406753411,-0.06046121562782751,-0.021078766607437138,-0.0030186768615783604,-0.011299501742349241,0.10629736863681483,-0.12360461928551081,0.41288521266045036,-0.1741153549662914,0.0,0.5463787167725482,0.2234121699713802,-0.013698986417667727,-0.004404041081243699
masks,-0.15384399076959282,-0.09046827086799142,-0.20460907450810598,-0.10540642569594513,-0.1367739886099372,-0.04389498391466099,-0.09280165596203707,-0.037947166228690966,0.1921716754339469,-0.2295435123538533,0.5463787167725482,0.0,0.22263330060807873,0.11185567157004046,-0.12719660118885706
Quarantine,0.4656664008585595,0.05129760914228979,0.49439837212985605,-0.052816007153574096,-0.06805626568255713,0.3774591400639569,0.3848459538773839,0.18179715012820008,0.48138748199367637,0.3481596057107844,0.2234121699713802,0.22263330060807873,0.0,-0.06159361836399691,-0.006899739704569486
social-distancing,-0.15832159950782212,-0.08056641489150211,-0.059356596408629815,-0.24938218512162807,-0.0685020850907898,0.07106229403655487,-0.208871104678373,-0.29121571187748124,0.04043475530553738,0.01694601585993882,-0.013698986417667727,0.11185567157004046,-0.06159361836399691,0.0,0.08988600162793652
work-from-home,0.23904078699865372,0.015411395091563704,0.008590731083787807,0.00852382391782891,0.0938894256118783,0.39956327662266206,-0.20443377424547482,-0.14765403156977244,-0.3506347982055242,0.2803734904045424,-0.004404041081243699,-0.12719660118885706,-0.006899739704569486,0.08988600162793652,0.0
