,flu,cough,fever,headache,lagnat,rashes,sipon,ubo,ecq,face-shield,Frontliners,masks,Quarantine,social-distancing,work-from-home
flu,0.0,0.20106278642008543,-0.059624490717987186,-0.2256145940171887,-0.198683138609727,-0.05050863868072754,0.11808321370883135,0.27270855650650827,0.1937184340392285,0.3900959076407346,0.08967846594393532,-0.38486684192628984,0.22312182778099102,-0.17873602271553418,0.02844831714771346
cough,0.20106278642008543,0.0,-0.30149852707369257,0.16546961641154284,-0.25184103169212757,-0.16672307562991268,-0.298098159858585,-0.08631829123956973,-0.32037215301021665,0.057226719006577116,0.11974648319542823,-0.09532770177392488,0.06736923273808472,-0.016057269261396497,-0.05628846722873946
fever,-0.059624490717987186,-0.30149852707369257,0.0,-0.055824256624073955,0.06771281741065345,0.27440963725741874,0.2882512387196994,-0.17792006321053172,0.0785593517972152,-0.12281647018568388,-0.193652924172309,0.09553916182554312,-0.0204289913447496,0.04488331697599625,-0.01718248764602262
headache,-0.2256145940171887,0.16546961641154284,-0.055824256624073955,0.0,-0.02260799763954239,0.08966815019249484,-0.11953776040305338,-0.11715941351285616,-0.2525089455421777,-0.0019655496867989042,-0.06395658951855215,-0.044061710379527434,0.12465037269927087,-0.04950009657399096,-0.09560161407307577
lagnat,-0.198683138609727,-0.25184103169212757,0.06771281741065345,-0.02260799763954239,0.0,0.002576335213632432,0.033145460074983674,-0.12548076305020375,-0.1637725358394323,-0.2291404151640379,-0.29797187322196006,0.17726365026597635,-0.24740514222429566,0.08810932790951888,0.3087689849707614
rashes,-0.05050863868072754,-0.16672307562991268,0.27440963725741874,0.08966815019249484,0.002576335213632432,0.0,0.42106017252435035,-0.38206612467164736,-0.29696597637075056,-0.040067551476405096,-0.2839370304202134,-0.14255671196909062,-0.0003127367732430665,0.09111098666603167,-0.35996034606511906
sipon,0.11808321370883135,-0.298098159858585,0.2882512387196994,-0.11953776040305338,0.033145460074983674,0.42106017252435035,0.0,-0.309927685611638,-0.19525765432796285,-0.0437442533845451,-0.2868669493498013,-0.07407038086749936,-0.12399156300550876,-0.05058756136703864,-0.4169508733662138
ubo,0.27270855650650827,-0.08631829123956973,-0.17792006321053172,-0.11715941351285616,-0.12548076305020375,-0.38206612467164736,-0.309927685611638,0.0,0.582130234156571,0.21390898002151001,0.21049794513473236,-0.04185911721119934,0.10029962854890888,-0.3060463958750595,0.1105086059595627
ecq,0.1937184340392285,-0.32037215301021665,0.0785593517972152,-0.2525089455421777,-0.1637725358394323,-0.29696597637075056,-0.19525765432796285,0.582130234156571,0.0,0.3590593651597949,0.5188875046314512,0.12380495419615951,0.4850561057313807,-0.2597192714183982,0.32340306176217853
face-shield,0.3900959076407346,0.057226719006577116,-0.12281647018568388,-0.0019655496867989042,-0.2291404151640379,-0.040067551476405096,-0.0437442533845451,0.21390898002151001,0.3590593651597949,0.0,0.7325764252849117,-0.3133030756295107,0.7051649182695428,-0.6662895489339754,-0.023300345210721718
Frontliners,0.08967846594393532,0.11974648319542823,-0.193652924172309,-0.06395658951855215,-0.29797187322196006,-0.2839370304202134,-0.2868669493498013,0.21049794513473236,0.5188875046314512,0.7325764252849117,0.0,-0.13184178047186712,0.7902532333418986,-0.5628857622196735,0.1065102875267103
masks,-0.38486684192628984,-0.09532770177392488,0.09553916182554312,-0.044061710379527434,0.17726365026597635,-0.14255671196909062,-0.07407038086749936,-0.04185911721119934,0.12380495419615951,-0.3133030756295107,-0.13184178047186712,0.0,0.029047756458492925,0.29218926466100187,0.2764733776760827
Quarantine,0.22312182778099102,0.06736923273808472,-0.0204289913447496,0.12465037269927087,-0.24740514222429566,-0.0003127367732430665,-0.12399156300550876,0.10029962854890888,0.4850561057313807,0.7051649182695428,0.7902532333418986,0.029047756458492925,0.0,-0.5069564946685429,0.14355282302548666
social-distancing,-0.17873602271553418,-0.016057269261396497,0.04488331697599625,-0.04950009657399096,0.08810932790951888,0.09111098666603167,-0.05058756136703864,-0.3060463958750595,-0.2597192714183982,-0.6662895489339754,-0.5628857622196735,0.29218926466100187,-0.5069564946685429,0.0,0.11476953864085092
work-from-home,0.02844831714771346,-0.05628846722873946,-0.01718248764602262,-0.09560161407307577,0.3087689849707614,-0.35996034606511906,-0.4169508733662138,0.1105086059595627,0.32340306176217853,-0.023300345210721718,0.1065102875267103,0.2764733776760827,0.14355282302548666,0.11476953864085092,0.0
