,flu,cough,fever,headache,lagnat,rashes,sipon,ubo,ecq,face-shield,Frontliners,masks,Quarantine,social-distancing,work-from-home
flu,0.0,0.8120954045124373,0.29371660076229095,0.217027177303128,0.029641413844619033,-0.06568674750209823,0.4624848313655217,0.2512050619313051,0.7760951972852796,0.5989399223489517,0.039346104020809715,0.1337121528439744,0.504698359409771,-0.09299375790394061,0.401738560544693
cough,0.8120954045124373,0.0,0.2895123832703905,0.11189849742185297,-0.0777252280587596,-0.09405213271802514,0.6066409550994497,0.17614332223696624,0.7638454013241831,0.42042838926216103,-0.053107047794332535,0.045341280040986184,0.45818243170056544,-0.22176048045705601,0.23007142873701816
fever,0.29371660076229095,0.2895123832703905,0.0,0.4170461071495069,-0.04877911321377298,0.10358474841604087,0.19229749183782008,0.22468618844060098,0.2604579302507971,0.16778319886732412,-0.10332067961099835,0.1239231979438225,0.07487903605867494,0.2082356334652217,-0.01853626458686893
headache,0.217027177303128,0.11189849742185297,0.4170461071495069,0.0,-0.19078953952990568,0.2936546889730625,0.27841801233998714,0.14722457431642338,0.18849224326042957,-0.015184172647946545,-0.13722646416656056,0.4056175264474652,-0.05258632886483355,0.2665825458532345,0.10946120258308469
lagnat,0.029641413844619033,-0.0777252280587596,-0.04877911321377298,-0.19078953952990568,0.0,-0.2530021780704543,-0.09947413162597722,0.32836600044738573,-0.11641245756576983,0.13922333683083948,-0.1148083909899193,-0.010210179703614639,-0.16581022965738498,0.1279853248161394,0.17442219376069001
rashes,-0.06568674750209823,-0.09405213271802514,0.10358474841604087,0.2936546889730625,-0.2530021780704543,0.0,0.23053449814589627,0.08664027630310467,0.012956189020359362,-0.24342435576909277,-0.13353025671180668,0.07362792616551785,-0.11510381689990269,0.01598231169533107,-0.25811812942101153
sipon,0.4624848313655217,0.6066409550994497,0.19229749183782008,0.27841801233998714,-0.09947413162597722,0.23053449814589627,0.0,0.2560758070609352,0.5540947166430901,-0.017057317956558606,-0.0452435340599482,-0.002214020410937907,0.28740711404546204,-0.18672143333574986,0.12266682537201942
ubo,0.2512050619313051,0.17614332223696624,0.22468618844060098,0.14722457431642338,0.32836600044738573,0.08664027630310467,0.2560758070609352,0.0,0.22621347952835927,0.3334827327219278,0.16989928667016482,-0.07241770076216732,0.01968177093947744,-0.02321307399448712,0.27160383204284577
ecq,0.7760951972852796,0.7638454013241831,0.2604579302507971,0.18849224326042957,-0.11641245756576983,0.012956189020359362,0.5540947166430901,0.22621347952835927,0.0,0.24230347160597274,0.2428463509597997,-0.07782430944000054,0.785267813118164,-0.14012157590527713,0.35325510410114824
face-shield,0.5989399223489517,0.42042838926216103,0.16778319886732412,-0.015184172647946545,0.13922333683083948,-0.24342435576909277,-0.017057317956558606,0.3334827327219278,0.24230347160597274,0.0,0.06977559861023852,0.024893666293550935,0.2589691094319787,-0.1871294250702744,0.31548125612977695
Frontliners,0.039346104020809715,-0.053107047794332535,-0.10332067961099835,-0.13722646416656056,-0.1148083909899193,-0.13353025671180668,-0.0452435340599482,0.16989928667016482,0.2428463509597997,0.06977559861023852,0.0,-0.5270395811525137,0.46594822685102927,-0.03204003202403726,0.06953980354592554
masks,0.1337121528439744,0.045341280040986184,0.1239231979438225,0.4056175264474652,-0.010210179703614639,0.07362792616551785,-0.002214020410937907,-0.07241770076216732,-0.07782430944000054,0.024893666293550935,-0.5270395811525137,0.0,-0.3005100018763368,0.2888932201446056,0.08744137139426386
Quarantine,0.504698359409771,0.45818243170056544,0.07487903605867494,-0.05258632886483355,-0.16581022965738498,-0.11510381689990269,0.28740711404546204,0.01968177093947744,0.785267813118164,0.2589691094319787,0.46594822685102927,-0.3005100018763368,0.0,-0.09184252977461929,0.3662456462043609
social-distancing,-0.09299375790394061,-0.22176048045705601,0.2082356334652217,0.2665825458532345,0.1279853248161394,0.01598231169533107,-0.18672143333574986,-0.02321307399448712,-0.14012157590527713,-0.1871294250702744,-0.03204003202403726,0.2888932201446056,-0.09184252977461929,0.0,-0.052935560830916606
work-from-home,0.401738560544693,0.23007142873701816,-0.01853626458686893,0.10946120258308469,0.17442219376069001,-0.25811812942101153,0.12266682537201942,0.27160383204284577,0.35325510410114824,0.31548125612977695,0.06953980354592554,0.08744137139426386,0.3662456462043609,-0.052935560830916606,0.0
