,flu,cough,fever,headache,lagnat,rashes,sipon,ubo,ecq,face-shield,Frontliners,masks,Quarantine,social-distancing,work-from-home
flu,0.0,0.12833060017007067,0.1258808110710345,-0.09142404796905639,0.4678238923691913,0.13496051524125535,0.30065008094486567,-0.2544725039373352,0.24188728895878617,-0.07862021046412644,-0.300926256474611,-0.27398581034691666,0.7764583604734343,0.706063800366267,0.48599385583102556
cough,0.12833060017007067,0.0,0.8948166482587825,0.12374146670317607,0.16225270010939088,0.2560114663339005,0.4884626997460131,0.7364933369583267,-0.7106274129749649,0.19605091822626253,0.21513489467374786,-0.2600934125363337,-0.22197203755268943,-0.15013552742618494,0.009241186483212463
fever,0.1258808110710345,0.8948166482587825,0.0,0.21037908971375005,0.1519309155050333,0.27315259983821966,0.5847497109629753,0.7370311064144577,-0.7053008602826796,0.1470245563890772,0.1579523459050135,-0.37114381276139785,-0.18536094251634655,-0.08151383999413155,0.00012217063054537915
headache,-0.09142404796905639,0.12374146670317607,0.21037908971375005,0.0,0.07955221268985752,0.20696861288584922,-0.00013437942345309438,0.2780253605001431,-0.17289908945631863,0.09201807194801644,0.13757005894925822,0.13853861173268478,-0.21999849095225388,-0.2260711269621815,-0.3935657588693759
lagnat,0.4678238923691913,0.16225270010939088,0.1519309155050333,0.07955221268985752,0.0,0.23270767718788204,0.366571955951542,0.10086817774957205,0.0354942708555505,-0.3487380460229479,0.03336881176299967,0.003195371186066239,0.3372232631160471,0.3218312366482724,0.19886701761288356
rashes,0.13496051524125535,0.2560114663339005,0.27315259983821966,0.20696861288584922,0.23270767718788204,0.0,0.020696388375576105,0.3423531202312594,-0.1427360165567037,0.21747713841042887,-0.018008584848264786,-0.2865003945029029,0.03922861284415363,0.12735010881523323,0.0744014024262804
sipon,0.30065008094486567,0.4884626997460131,0.5847497109629753,-0.00013437942345309438,0.366571955951542,0.020696388375576105,0.0,0.3735924495440804,-0.29099703156290996,-0.09199588010709031,0.03202591372310088,-0.300977245652675,0.1734614305820581,0.2416170866207464,0.1167810262156718
ubo,-0.2544725039373352,0.7364933369583267,0.7370311064144577,0.2780253605001431,0.10086817774957205,0.3423531202312594,0.3735924495440804,0.0,-0.7289837201638537,0.1959623343841235,0.20122221498027354,-0.12964071864625043,-0.44189280901787176,-0.2333228117193052,-0.14588714991547863
ecq,0.24188728895878617,-0.7106274129749649,-0.7053008602826796,-0.17289908945631863,0.0354942708555505,-0.1427360165567037,-0.29099703156290996,-0.7289837201638537,0.0,0.009044351236349576,-0.20054293030568776,0.22784515582909912,0.6520315269556003,0.4548211582313492,0.39823134915364716
face-shield,-0.07862021046412644,0.19605091822626253,0.1470245563890772,0.09201807194801644,-0.3487380460229479,0.21747713841042887,-0.09199588010709031,0.1959623343841235,0.009044351236349576,0.0,0.09366326747867611,0.13761130391767862,0.042428997809765966,0.1761316196144904,0.23336081859746988
Frontliners,-0.300926256474611,0.21513489467374786,0.1579523459050135,0.13757005894925822,0.03336881176299967,-0.018008584848264786,0.03202591372310088,0.20122221498027354,-0.20054293030568776,0.09366326747867611,0.0,0.3803969147941106,-0.11752753913737107,-0.2968203838540346,-0.14287066401851203
masks,-0.27398581034691666,-0.2600934125363337,-0.37114381276139785,0.13853861173268478,0.003195371186066239,-0.2865003945029029,-0.300977245652675,-0.12964071864625043,0.22784515582909912,0.13761130391767862,0.3803969147941106,0.0,-0.04780944498092468,-0.09366436402733325,-0.0697348467197802
Quarantine,0.7764583604734343,-0.22197203755268943,-0.18536094251634655,-0.21999849095225388,0.3372232631160471,0.03922861284415363,0.1734614305820581,-0.44189280901787176,0.6520315269556003,0.042428997809765966,-0.11752753913737107,-0.04780944498092468,0.0,0.8090837861621479,0.7196648172536807
social-distancing,0.706063800366267,-0.15013552742618494,-0.08151383999413155,-0.2260711269621815,0.3218312366482724,0.12735010881523323,0.2416170866207464,-0.2333228117193052,0.4548211582313492,0.1761316196144904,-0.2968203838540346,-0.09366436402733325,0.8090837861621479,0.0,0.7702686127238302
work-from-home,0.48599385583102556,0.009241186483212463,0.00012217063054537915,-0.3935657588693759,0.19886701761288356,0.0744014024262804,0.1167810262156718,-0.14588714991547863,0.39823134915364716,0.23336081859746988,-0.14287066401851203,-0.0697348467197802,0.7196648172536807,0.7702686127238302,0.0
