,flu,cough,fever,headache,lagnat,rashes,sipon,ubo,ecq,face-shield,Frontliners,masks,Quarantine,social-distancing,work-from-home
flu,0.0,0.13031404527574963,-0.19488215221084043,-0.09643099726586944,-0.056733435740530753,0.20964930522149947,0.2631958630155936,0.4915673365785363,0.4185299441467894,-0.0020127050514429155,0.10098665583405467,-0.0850132915835306,0.1960059516619777,0.20356190657293208,0.38757097729895584
cough,0.13031404527574963,0.0,-0.04330587409052378,0.0867644041246674,-0.009891432661050558,-0.09035018102378048,0.09713144088051225,-0.25675126444466867,-0.07229034048322283,-0.2179883952345026,-0.21763382838015305,0.16814879399824226,0.1310274314688727,-0.15077170443854396,-0.11520902970820876
fever,-0.19488215221084043,-0.04330587409052378,0.0,0.3689963126863536,0.010191319303769606,0.07193196461012556,-0.19774118470186441,0.04446292293047742,-0.3736218507828523,0.2775084985717918,-0.3210535871038293,0.11908914534012889,-0.25180137745568754,-0.09562744291125742,-0.07051777289928288
headache,-0.09643099726586944,0.0867644041246674,0.3689963126863536,0.0,0.19271824385099284,0.14237093554544147,0.102665108295765,0.19235811262558009,-0.2558878214740408,-0.1612626600567301,-0.4605246890832912,0.13182926713526716,-0.11614743608580365,-0.29382185656826915,-0.059902777383475186
lagnat,-0.056733435740530753,-0.009891432661050558,0.010191319303769606,0.19271824385099284,0.0,0.275881171096514,0.3739627193395641,-0.06196167208662072,-0.3574504591889824,-0.1776314514907479,-0.18130128973139725,0.1377652106447771,-0.26449556181145667,-0.49651517761063363,-0.3373976631393916
rashes,0.20964930522149947,-0.09035018102378048,0.07193196461012556,0.14237093554544147,0.275881171096514,0.0,0.2429383551852562,0.33408026292158605,0.0035046800382498417,0.13841613296677713,-0.004636664826336645,-0.08627440982413184,-0.2411863801222714,-0.03036988935126424,-0.06066746547876891
sipon,0.2631958630155936,0.09713144088051225,-0.19774118470186441,0.102665108295765,0.3739627193395641,0.2429383551852562,0.0,0.04668050545165855,0.012306788511571456,-0.32974832454834013,-0.30798698066603825,0.33171519716686154,0.09063608555419382,-0.08759398802126853,-0.09655012115816783
ubo,0.4915673365785363,-0.25675126444466867,0.04446292293047742,0.19235811262558009,-0.06196167208662072,0.33408026292158605,0.04668050545165855,0.0,0.4320266569990301,0.1604932582825954,0.12781872460993274,0.09459530348984044,0.15669004207431755,-0.021899434894913375,0.2292043397695749
ecq,0.4185299441467894,-0.07229034048322283,-0.3736218507828523,-0.2558878214740408,-0.3574504591889824,0.0035046800382498417,0.012306788511571456,0.4320266569990301,0.0,0.043188613424020014,0.563106555983329,-0.19109336496105592,0.38220970278308536,0.484044961429379,0.20010291274444617
face-shield,-0.0020127050514429155,-0.2179883952345026,0.2775084985717918,-0.1612626600567301,-0.1776314514907479,0.13841613296677713,-0.32974832454834013,0.1604932582825954,0.043188613424020014,0.0,0.21080165386502064,-0.31048166313128656,-0.19313244965912346,0.18275348093222554,-0.014209136230510783
Frontliners,0.10098665583405467,-0.21763382838015305,-0.3210535871038293,-0.4605246890832912,-0.18130128973139725,-0.004636664826336645,-0.30798698066603825,0.12781872460993274,0.563106555983329,0.21080165386502064,0.0,-0.3268488675975834,0.25804268542904973,0.30609797919666043,0.1470705184013699
masks,-0.0850132915835306,0.16814879399824226,0.11908914534012889,0.13182926713526716,0.1377652106447771,-0.08627440982413184,0.33171519716686154,0.09459530348984044,-0.19109336496105592,-0.31048166313128656,-0.3268488675975834,0.0,0.18465000922901045,-0.4675995410540173,-0.01934513854443065
Quarantine,0.1960059516619777,0.1310274314688727,-0.25180137745568754,-0.11614743608580365,-0.26449556181145667,-0.2411863801222714,0.09063608555419382,0.15669004207431755,0.38220970278308536,-0.19313244965912346,0.25804268542904973,0.18465000922901045,0.0,-0.05725628796605572,0.16746568392319539
social-distancing,0.20356190657293208,-0.15077170443854396,-0.09562744291125742,-0.29382185656826915,-0.49651517761063363,-0.03036988935126424,-0.08759398802126853,-0.021899434894913375,0.484044961429379,0.18275348093222554,0.30609797919666043,-0.4675995410540173,-0.05725628796605572,0.0,0.21469133144201374
work-from-home,0.38757097729895584,-0.11520902970820876,-0.07051777289928288,-0.059902777383475186,-0.3373976631393916,-0.06066746547876891,-0.09655012115816783,0.2292043397695749,0.20010291274444617,-0.014209136230510783,0.1470705184013699,-0.01934513854443065,0.16746568392319539,0.21469133144201374,0.0
