,flu,cough,fever,headache,lagnat,rashes,sipon,ubo,ecq,face-shield,Frontliners,masks,Quarantine,social-distancing,work-from-home
flu,0.0,0.3725596588637391,-0.10185207692407537,-0.5472431235083187,-0.048848873127304425,-0.26603589393867894,0.23974796347993024,0.19988965270717016,0.5275203444457925,0.4436781684791313,-0.5539440850998036,0.3559651331261726,0.537086411925414,0.18521337858730627,0.019180469967693743
cough,0.3725596588637391,0.0,-0.375513752918284,-0.26383010725300987,0.14947385538026267,-0.06776755858936358,0.32919160288858784,0.24215024498911655,0.02960517439711419,0.36616599465199856,-0.3431507904248174,0.09986817369739957,0.25204015334668123,0.17747570021066386,-0.17783786806549193
fever,-0.10185207692407537,-0.375513752918284,0.0,0.07855661971853918,0.13700439503662948,0.36021620183794745,0.05117244328623441,-0.07034236429233306,0.34846099163454025,0.011685879622116197,0.1650193200672898,0.010651891648477631,0.2526952398036358,-0.2356924302886488,0.03337100160807571
headache,-0.5472431235083187,-0.26383010725300987,0.07855661971853918,0.0,-0.3234188456545632,0.3819024511019834,-0.3576358416565133,-0.1688544646573641,-0.37164546041796304,-0.35732211582234213,0.5851411948623276,-0.3266072024461222,-0.32762892351993467,-0.13911933169500817,-0.14927943453063475
lagnat,-0.048848873127304425,0.14947385538026267,0.13700439503662948,-0.3234188456545632,0.0,-0.0940149474696826,0.35161716347362704,-0.0467951341890128,0.20261986829099157,0.18592187181165448,-0.1432552095086735,0.04338925040237142,0.2579590999231873,0.007898997308546,0.33590238220103913
rashes,-0.26603589393867894,-0.06776755858936358,0.36021620183794745,0.3819024511019834,-0.0940149474696826,0.0,-0.11502164987314181,0.16227109786701246,-0.21449097483253698,-0.3119840788375402,0.20617572178267854,-0.28062411493671646,-0.02000842267299254,-0.445328130943051,-0.3253968824321691
sipon,0.23974796347993024,0.32919160288858784,0.05117244328623441,-0.3576358416565133,0.35161716347362704,-0.11502164987314181,0.0,-0.00869914496590694,0.4472588979841142,0.4138613813908746,-0.15211305973809885,0.15286304867296982,0.2883480287804807,0.2710999865874115,-0.05019162894833842
ubo,0.19988965270717016,0.24215024498911655,-0.07034236429233306,-0.1688544646573641,-0.0467951341890128,0.16227109786701246,-0.00869914496590694,0.0,-0.22962865807179914,-0.1437460838843271,-0.21437429244763065,-0.12362981481066292,-0.30108007240612655,-0.29443028779719527,-0.04955778604747774
ecq,0.5275203444457925,0.02960517439711419,0.34846099163454025,-0.37164546041796304,0.20261986829099157,-0.21449097483253698,0.4472588979841142,-0.22962865807179914,0.0,0.7170656017439032,-0.3134360266448075,0.37617967546975356,0.696908619642559,0.29188104136585635,0.053622053707351326
face-shield,0.4436781684791313,0.36616599465199856,0.011685879622116197,-0.35732211582234213,0.18592187181165448,-0.3119840788375402,0.4138613813908746,-0.1437460838843271,0.7170656017439032,0.0,-0.284792860356921,0.5343469533842908,0.6881815087215862,0.4853178144622193,0.11622739480741823
Frontliners,-0.5539440850998036,-0.3431507904248174,0.1650193200672898,0.5851411948623276,-0.1432552095086735,0.20617572178267854,-0.15211305973809885,-0.21437429244763065,-0.3134360266448075,-0.284792860356921,0.0,-0.17182896775403597,-0.27112424545139663,-0.21852152791334595,-0.18763244058942832
masks,0.3559651331261726,0.09986817369739957,0.010651891648477631,-0.3266072024461222,0.04338925040237142,-0.28062411493671646,0.15286304867296982,-0.12362981481066292,0.37617967546975356,0.5343469533842908,-0.17182896775403597,0.0,0.5133766469493524,0.3552756084696338,0.3699058891775068
Quarantine,0.537086411925414,0.25204015334668123,0.2526952398036358,-0.32762892351993467,0.2579590999231873,-0.02000842267299254,0.2883480287804807,-0.30108007240612655,0.696908619642559,0.6881815087215862,-0.27112424545139663,0.5133766469493524,0.0,0.40505965906700714,-0.009309411431301259
social-distancing,0.18521337858730627,0.17747570021066386,-0.2356924302886488,-0.13911933169500817,0.007898997308546,-0.445328130943051,0.2710999865874115,-0.29443028779719527,0.29188104136585635,0.4853178144622193,-0.21852152791334595,0.3552756084696338,0.40505965906700714,0.0,0.11623937550248077
work-from-home,0.019180469967693743,-0.17783786806549193,0.03337100160807571,-0.14927943453063475,0.33590238220103913,-0.3253968824321691,-0.05019162894833842,-0.04955778604747774,0.053622053707351326,0.11622739480741823,-0.18763244058942832,0.3699058891775068,-0.009309411431301259,0.11623937550248077,0.0
