,flu,cough,fever,headache,lagnat,rashes,sipon,ubo,ecq,face-shield,Frontliners,masks,Quarantine,social-distancing,work-from-home
flu,0.0,0.010751579016130988,-0.1848698396163965,-0.034894178636407654,-0.10420513237686338,0.1404256625836923,-0.10592379137907708,0.20815998754622336,0.30287753553481894,-0.06871461586182952,0.23856251175714788,-0.22655651676120997,0.041262719216889496,0.22863906728437633,0.2970847150445482
cough,0.010751579016130988,0.0,-0.193658374990819,0.03172247493630359,-0.05131038825936751,-0.11347738695868008,-0.000274136201681091,-0.2801479357331737,0.1405673359262564,-0.28108513447580424,0.13100550512349868,0.1520424655735953,0.18054965444993745,-0.2868615794302725,-0.13107301667087806
fever,-0.1848698396163965,-0.193658374990819,0.0,0.3979968724615846,-0.03388694719017773,0.06994617641745954,-0.3033702420740114,-0.004579691003070855,-0.35769419587700774,0.2943341333443606,-0.31845947292653554,0.008062129424449678,-0.2644211144674225,-0.07293803756924318,-0.11300687901194273
headache,-0.034894178636407654,0.03172247493630359,0.3979968724615846,0.0,0.1577681657192112,0.1454432780109741,-0.011318575744466272,0.17940147721776326,-0.1886186899923872,0.029668309048324244,-0.3627268641800354,0.047058821992939426,-0.004099766782834961,-0.3366291391971962,-0.180914274315317
lagnat,-0.10420513237686338,-0.05131038825936751,-0.03388694719017773,0.1577681657192112,0.0,0.24849978110967869,0.316464384684383,-0.015735901537749435,-0.253989064319253,-0.14629458871915005,0.007201504209027135,0.1867467301414451,-0.11625006335410128,-0.3691938921140357,-0.3303440645669766
rashes,0.1404256625836923,-0.11347738695868008,0.06994617641745954,0.1454432780109741,0.24849978110967869,0.0,0.19533675856550664,0.30444127422572853,-0.011383663164594552,0.13757107771464866,0.005546684978698443,-0.04249954151935097,-0.2800739253024761,0.07960317042396989,-0.007372031403144325
sipon,-0.10592379137907708,-0.000274136201681091,-0.3033702420740114,-0.011318575744466272,0.316464384684383,0.19533675856550664,0.0,0.22450189169089968,0.14691497196044634,-0.3225439003421154,-0.2688208091355209,0.416798761998955,0.1526419553831643,0.039766759509935884,0.05871337238194835
ubo,0.20815998754622336,-0.2801479357331737,-0.004579691003070855,0.17940147721776326,-0.015735901537749435,0.30444127422572853,0.22450189169089968,0.0,0.4305104753965703,0.19622283258791332,0.17863752980636746,0.19236605064871257,0.2531222752967946,-0.01582958716610898,0.26909614028181694
ecq,0.30287753553481894,0.1405673359262564,-0.35769419587700774,-0.1886186899923872,-0.253989064319253,-0.011383663164594552,0.14691497196044634,0.4305104753965703,0.0,-0.07366720281195137,0.5510044054754106,0.036457914463829344,0.3818334443113607,0.13212362882216377,0.29681115563075194
face-shield,-0.06871461586182952,-0.28108513447580424,0.2943341333443606,0.029668309048324244,-0.14629458871915005,0.13757107771464866,-0.3225439003421154,0.19622283258791332,-0.07366720281195137,0.0,0.15631262147696387,-0.31670627735264134,-0.16987554903004354,0.07107148299549636,0.02501669066447658
Frontliners,0.23856251175714788,0.13100550512349868,-0.31845947292653554,-0.3627268641800354,0.007201504209027135,0.005546684978698443,-0.2688208091355209,0.17863752980636746,0.5510044054754106,0.15631262147696387,0.0,-0.2091017925869216,0.252660759812094,0.00031836494966477647,0.2332483271229981
masks,-0.22655651676120997,0.1520424655735953,0.008062129424449678,0.047058821992939426,0.1867467301414451,-0.04249954151935097,0.416798761998955,0.19236605064871257,0.036457914463829344,-0.31670627735264134,-0.2091017925869216,0.0,0.3494050051735528,-0.5067278037637084,0.0029713744548314435
Quarantine,0.041262719216889496,0.18054965444993745,-0.2644211144674225,-0.004099766782834961,-0.11625006335410128,-0.2800739253024761,0.1526419553831643,0.2531222752967946,0.3818334443113607,-0.16987554903004354,0.252660759812094,0.3494050051735528,0.0,-0.22131056749862352,0.1649477886139751
social-distancing,0.22863906728437633,-0.2868615794302725,-0.07293803756924318,-0.3366291391971962,-0.3691938921140357,0.07960317042396989,0.039766759509935884,-0.01582958716610898,0.13212362882216377,0.07107148299549636,0.00031836494966477647,-0.5067278037637084,-0.22131056749862352,0.0,0.1162046419601268
work-from-home,0.2970847150445482,-0.13107301667087806,-0.11300687901194273,-0.180914274315317,-0.3303440645669766,-0.007372031403144325,0.05871337238194835,0.26909614028181694,0.29681115563075194,0.02501669066447658,0.2332483271229981,0.0029713744548314435,0.1649477886139751,0.1162046419601268,0.0
