,flu,cough,fever,headache,lagnat,rashes,sipon,ubo,ecq,face-shield,Frontliners,masks,Quarantine,social-distancing,work-from-home
flu,0.0,-0.06980035784770228,-0.15317093282454686,0.007468961821214313,0.022894451111260608,0.21910292774443693,-0.04519238771207551,0.22669853696832315,0.2043596904757301,-0.0321300196418525,0.1802293719704811,-0.18630488770648507,-0.054494015304466493,0.1730054219368606,0.09102708667586239
cough,-0.06980035784770228,0.0,-0.17069961056364127,0.032529727577162895,-0.09232458279173072,-0.09847978922942334,-0.04001916177930628,-0.3685837301619618,0.12625124790376735,-0.28983647876032437,0.0767795584309882,0.15431849577244452,0.23850476050934807,-0.29817955967962007,-0.0020829802292709598
fever,-0.15317093282454686,-0.17069961056364127,0.0,0.39337296059619015,-0.030387482997752797,0.04890471688381888,-0.2901874426855156,0.030353030827419795,-0.3388220113904277,0.29287867627333003,-0.29580246904427054,0.002742524851607246,-0.2678325432676134,-0.06230021756620323,-0.12347742061139645
headache,0.007468961821214313,0.032529727577162895,0.39337296059619015,0.0,0.1802818594436012,0.150478176748479,0.012107103769960006,0.21559756833065385,-0.1942408207338583,0.036415767616762344,-0.36165860728028104,0.05121478524628254,-0.04223643907703105,-0.33936577942081025,-0.21574113814323864
lagnat,0.022894451111260608,-0.09232458279173072,-0.030387482997752797,0.1802818594436012,0.0,0.28847476286956036,0.36424434437032516,0.06596290925289103,-0.2975257454132649,-0.10410491834284459,0.0037057460622670767,0.20001548211605238,-0.22654549842120925,-0.3781370381465729,-0.46441466219589644
rashes,0.21910292774443693,-0.09847978922942334,0.04890471688381888,0.150478176748479,0.28847476286956036,0.0,0.23593123052815482,0.38632371962255574,-0.007983849462874391,0.14708078123931484,0.05480652956110928,-0.03848883279909759,-0.3377425028731278,0.07998859847284052,-0.12766833952566048
sipon,-0.04519238771207551,-0.04001916177930628,-0.2901874426855156,0.012107103769960006,0.36424434437032516,0.23593123052815482,0.0,0.25136479319583394,0.09745652822865775,-0.2947742321376499,-0.2969457251521063,0.42592957241379575,0.07658764708726179,0.013486265703864,-0.057774813361475975
ubo,0.22669853696832315,-0.3685837301619618,0.030353030827419795,0.21559756833065385,0.06596290925289103,0.38632371962255574,0.25136479319583394,0.0,0.3514994206553296,0.22356205501467785,0.10925560521138765,0.22088669742238964,0.1908036008312066,-0.05971284908047674,0.1480074018679297
ecq,0.2043596904757301,0.12625124790376735,-0.3388220113904277,-0.1942408207338583,-0.2975257454132649,-0.007983849462874391,0.09745652822865775,0.3514994206553296,0.0,-0.08411002888936422,0.5251013300805599,0.03177919387714983,0.43825291470542627,0.13260661369772903,0.37923500733699156
face-shield,-0.0321300196418525,-0.28983647876032437,0.29287867627333003,0.036415767616762344,-0.10410491834284459,0.14708078123931484,-0.2947742321376499,0.22356205501467785,-0.08411002888936422,0.0,0.16906409294423233,-0.30960053602428045,-0.19351673129064786,0.06458190044187828,-0.03481699579870799
Frontliners,0.1802293719704811,0.0767795584309882,-0.29580246904427054,-0.36165860728028104,0.0037057460622670767,0.05480652956110928,-0.2969457251521063,0.10925560521138765,0.5251013300805599,0.16906409294423233,0.0,-0.20566721774098423,0.2845716464573485,-0.024918781947489414,0.2664085122782998
masks,-0.18630488770648507,0.15431849577244452,0.002742524851607246,0.05121478524628254,0.20001548211605238,-0.03848883279909759,0.42592957241379575,0.22088669742238964,0.03177919387714983,-0.30960053602428045,-0.20566721774098423,0.0,0.2996278015700607,-0.5086167060346501,-0.04706072888295505
Quarantine,-0.054494015304466493,0.23850476050934807,-0.2678325432676134,-0.04223643907703105,-0.22654549842120925,-0.3377425028731278,0.07658764708726179,0.1908036008312066,0.43825291470542627,-0.19351673129064786,0.2845716464573485,0.2996278015700607,0.0,-0.1667848420287875,0.3085526688133532
social-distancing,0.1730054219368606,-0.29817955967962007,-0.06230021756620323,-0.33936577942081025,-0.3781370381465729,0.07998859847284052,0.013486265703864,-0.05971284908047674,0.13260661369772903,0.06458190044187828,-0.024918781947489414,-0.5086167060346501,-0.1667848420287875,0.0,0.16808592712693113
work-from-home,0.09102708667586239,-0.0020829802292709598,-0.12347742061139645,-0.21574113814323864,-0.46441466219589644,-0.12766833952566048,-0.057774813361475975,0.1480074018679297,0.37923500733699156,-0.03481699579870799,0.2664085122782998,-0.04706072888295505,0.3085526688133532,0.16808592712693113,0.0
