,flu,cough,fever,headache,lagnat,rashes,sipon,ubo,ecq,face-shield,Frontliners,masks,Quarantine,social-distancing,work-from-home
flu,0.0,0.3733311855618812,-0.004216365930267366,-0.493054629865151,-0.15608851157047318,-0.2968286186124411,0.1724655315231745,0.36002007988091983,0.6201217814523056,0.5425716703938742,-0.5797543711726183,0.10858781557208262,0.5547602037756004,0.029818156297070502,-0.03806696694699905
cough,0.3733311855618812,0.0,-0.36672577540523393,-0.19896182890799746,0.08567645417622656,-0.09205273355150922,0.2326651775015461,0.3272741894384386,0.06528146764525951,0.30099099674612967,-0.3613169953629436,0.047293278993209016,0.22466540555433517,0.05873189532663276,-0.25265222592267433
fever,-0.004216365930267366,-0.36672577540523393,0.0,0.03418099978741877,0.09337092516696682,0.3193152770399061,0.08388937605398318,-0.0026283457786125354,0.41791109888079564,0.18326082207663938,0.13051383241011824,-0.12333724797637781,0.305696317683612,-0.2641531411413639,0.029523881136705527
headache,-0.493054629865151,-0.19896182890799746,0.03418099978741877,0.0,-0.2839693442815372,0.34479266104743667,-0.3378698484046312,-0.20064214285665527,-0.3558948144592349,-0.3705018161779078,0.588370368437497,-0.19535823485301793,-0.3019569595920365,-0.10771336121008424,-0.1352130017611811
lagnat,-0.15608851157047318,0.08567645417622656,0.09337092516696682,-0.2839693442815372,0.0,-0.01917202245454955,0.29942928215348635,-0.0734392952602128,0.07063915057595692,0.06005341814041483,-0.12040593478562227,0.06581920155462695,0.16211107985347847,0.020146787337360226,0.33257598299738256
rashes,-0.2968286186124411,-0.09205273355150922,0.3193152770399061,0.34479266104743667,-0.01917202245454955,0.0,-0.04662980810458557,0.03698211124628585,-0.2631359374710681,-0.32063198950383737,0.25530403427316917,-0.17096056044035524,-0.01289190514558182,-0.37298953440478344,-0.3051445291888792
sipon,0.1724655315231745,0.2326651775015461,0.08388937605398318,-0.3378698484046312,0.29942928215348635,-0.04662980810458557,0.0,0.07442136257784501,0.4323975508912793,0.4446601793277998,-0.167411904118593,-0.00605805072370249,0.20525130568324695,0.1878269724185993,-0.13692096430412265
ubo,0.36002007988091983,0.3272741894384386,-0.0026283457786125354,-0.20064214285665527,-0.0734392952602128,0.03698211124628585,0.07442136257784501,0.0,-0.007239959385480535,0.044836666028946745,-0.2496295499625407,-0.17867887421488404,-0.15039806203261333,-0.3448516264799229,-0.05668637727884766
ecq,0.6201217814523056,0.06528146764525951,0.41791109888079564,-0.3558948144592349,0.07063915057595692,-0.2631359374710681,0.4323975508912793,-0.007239959385480535,0.0,0.7916026670020937,-0.3425085865413403,0.0558029548184691,0.7193479100099699,0.12911482694614684,0.01715402781696385
face-shield,0.5425716703938742,0.30099099674612967,0.18326082207663938,-0.3705018161779078,0.06005341814041483,-0.32063198950383737,0.4446601793277998,0.044836666028946745,0.7916026670020937,0.0,-0.29768221226967284,0.11059031497419626,0.7038501903560098,0.30855083391576665,0.09899382593703099
Frontliners,-0.5797543711726183,-0.3613169953629436,0.13051383241011824,0.588370368437497,-0.12040593478562227,0.25530403427316917,-0.167411904118593,-0.2496295499625407,-0.3425085865413403,-0.29768221226967284,0.0,-0.1071437966298975,-0.3162431201495252,-0.16346375368326096,-0.16416215340191675
masks,0.10858781557208262,0.047293278993209016,-0.12333724797637781,-0.19535823485301793,0.06581920155462695,-0.17096056044035524,-0.00605805072370249,-0.17867887421488404,0.0558029548184691,0.11059031497419626,-0.1071437966298975,0.0,0.3022555876217795,0.33386158570198043,0.3070113658727496
Quarantine,0.5547602037756004,0.22466540555433517,0.305696317683612,-0.3019569595920365,0.16211107985347847,-0.01289190514558182,0.20525130568324695,-0.15039806203261333,0.7193479100099699,0.7038501903560098,-0.3162431201495252,0.3022555876217795,0.0,0.2935591397367514,-0.06557602977934551
social-distancing,0.029818156297070502,0.05873189532663276,-0.2641531411413639,-0.10771336121008424,0.020146787337360226,-0.37298953440478344,0.1878269724185993,-0.3448516264799229,0.12911482694614684,0.30855083391576665,-0.16346375368326096,0.33386158570198043,0.2935591397367514,0.0,0.07737586522438329
work-from-home,-0.03806696694699905,-0.25265222592267433,0.029523881136705527,-0.1352130017611811,0.33257598299738256,-0.3051445291888792,-0.13692096430412265,-0.05668637727884766,0.01715402781696385,0.09899382593703099,-0.16416215340191675,0.3070113658727496,-0.06557602977934551,0.07737586522438329,0.0
