,flu,cough,fever,headache,lagnat,rashes,sipon,ubo,ecq,face-shield,Frontliners,masks,Quarantine,social-distancing,work-from-home
flu,0.0,0.13429588594929104,0.46136937310287596,0.04527768586899862,0.34880007369407184,0.11461668893774656,0.0917845850459846,-0.2682093667502818,0.053090142298787335,-0.16336815736117588,-0.3821961958713785,-0.3766291676712424,0.5421296388189629,0.7084799283556061,0.6917503084418588
cough,0.13429588594929104,0.0,0.475973171256068,0.1027299448697914,-0.013175877952276862,-0.17127241675987975,-0.12202858900758286,0.10000243469613104,-0.31867347574067767,0.19176150214430718,0.2285796523349022,0.13155773678952074,-0.38725807523509487,-0.05526633758001421,-0.047964455935833886
fever,0.46136937310287596,0.475973171256068,0.0,0.33155419345662157,0.10116779884081212,-0.0264154196802362,0.07599845011027316,0.1020131480622183,-0.36378512003194247,-0.08485954080444164,-0.15181086966526103,-0.17376388988193764,-0.18260336265283442,0.28287583914940806,0.08517279164567296
headache,0.04527768586899862,0.1027299448697914,0.33155419345662157,0.0,0.0039249737295958065,0.03319923485487925,-0.16806601064997997,0.04710862867436717,-0.2241532691559341,-0.12309221762802497,-0.11799116666156446,0.0690043953518859,-0.17446094677850282,-0.1595475626046369,-0.24571098273989267
lagnat,0.34880007369407184,-0.013175877952276862,0.10116779884081212,0.0039249737295958065,0.0,0.005952990412554628,-0.03600754937881652,-0.2834344206451443,0.18824180326462062,-0.35718381105055536,-0.09617512980744779,-0.1377684293766022,0.15957867579929905,0.13510878535418308,0.033339556675136814
rashes,0.11461668893774656,-0.17127241675987975,-0.0264154196802362,0.03319923485487925,0.005952990412554628,0.0,-0.42035527221829794,-0.2538926363178575,0.09232881627395646,-0.077770147863407,-0.38469665630012334,-0.4845661454739865,0.26813727272979154,0.13420896408053445,0.16854133790960407
sipon,0.0917845850459846,-0.12202858900758286,0.07599845011027316,-0.16806601064997997,-0.03600754937881652,-0.42035527221829794,0.0,0.18240568393559958,0.2928196928339518,-0.10944058977973116,0.10593395480054825,0.15592229859792175,0.24811047232339523,0.25083753002221765,0.15519565555420214
ubo,-0.2682093667502818,0.10000243469613104,0.1020131480622183,0.04710862867436717,-0.2834344206451443,-0.2538926363178575,0.18240568393559958,0.0,-0.3753623173789577,0.08017748794537229,0.1199598550781368,0.30202809951759496,-0.3651282218376704,-0.001664784584140665,-0.030357811671631266
ecq,0.053090142298787335,-0.31867347574067767,-0.36378512003194247,-0.2241532691559341,0.18824180326462062,0.09232881627395646,0.2928196928339518,-0.3753623173789577,0.0,0.20179801127417688,0.09358828821541326,0.12567489033788187,0.6603653148960836,0.23513677305668265,0.32200136924136025
face-shield,-0.16336815736117588,0.19176150214430718,-0.08485954080444164,-0.12309221762802497,-0.35718381105055536,-0.077770147863407,-0.10944058977973116,0.08017748794537229,0.20179801127417688,0.0,0.0738388138197017,0.3471998780095448,-0.08101006363322767,0.08021087049152237,0.08026985723928311
Frontliners,-0.3821961958713785,0.2285796523349022,-0.15181086966526103,-0.11799116666156446,-0.09617512980744779,-0.38469665630012334,0.10593395480054825,0.1199598550781368,0.09358828821541326,0.0738388138197017,0.0,0.4944952116358925,-0.09618089576170478,-0.30167222483938666,-0.25782464603036354
masks,-0.3766291676712424,0.13155773678952074,-0.17376388988193764,0.0690043953518859,-0.1377684293766022,-0.4845661454739865,0.15592229859792175,0.30202809951759496,0.12567489033788187,0.3471998780095448,0.4944952116358925,0.0,-0.23419001989202914,-0.0045788387482163205,-0.09926095509512307
Quarantine,0.5421296388189629,-0.38725807523509487,-0.18260336265283442,-0.17446094677850282,0.15957867579929905,0.26813727272979154,0.24811047232339523,-0.3651282218376704,0.6603653148960836,-0.08101006363322767,-0.09618089576170478,-0.23419001989202914,0.0,0.5135088681155543,0.6485750906548442
social-distancing,0.7084799283556061,-0.05526633758001421,0.28287583914940806,-0.1595475626046369,0.13510878535418308,0.13420896408053445,0.25083753002221765,-0.001664784584140665,0.23513677305668265,0.08021087049152237,-0.30167222483938666,-0.0045788387482163205,0.5135088681155543,0.0,0.7985130549732831
work-from-home,0.6917503084418588,-0.047964455935833886,0.08517279164567296,-0.24571098273989267,0.033339556675136814,0.16854133790960407,0.15519565555420214,-0.030357811671631266,0.32200136924136025,0.08026985723928311,-0.25782464603036354,-0.09926095509512307,0.6485750906548442,0.7985130549732831,0.0
