,flu,cough,fever,headache,lagnat,rashes,sipon,ubo,ecq,face-shield,Frontliners,masks,Quarantine,social-distancing,work-from-home
flu,0.0,-0.11041201063097252,0.03468551650553684,0.2447028296107536,0.04353715316643175,-0.023986533127483712,-0.29665646004174806,0.07463341295050431,-0.09821840151497606,0.2002152942242384,-0.017422453192712146,-0.05539378846551714,0.19988228695983987,0.10967284450242795,-0.10755863817992647
cough,-0.11041201063097252,0.0,0.04579488143450829,-0.08451863912704656,0.06345286148827604,-0.3068015704878304,0.1404752818507807,-0.06066398610302253,-0.25662349700923653,-0.3453775742422764,-0.055472953762169194,-0.050895819113363765,-0.12801409895190496,-0.20746165752104892,-0.0018685587845212186
fever,0.03468551650553684,0.04579488143450829,0.0,0.08132632152867655,-0.04220003336991603,-0.2278758910212246,-0.346760398569053,0.0344735639329231,-0.05514619890366099,0.26459987732929474,0.3593321441062204,0.28502329649979563,0.3390890264090993,0.08905197366699637,-0.056689545753751125
headache,0.2447028296107536,-0.08451863912704656,0.08132632152867655,0.0,0.20099406760814612,0.16791385766335337,-0.04093751123681428,0.1399842027390173,-0.05799563299497719,0.22910478526173506,-0.26548295707524594,0.10449747038851147,0.2782747013341838,-0.36872037634806526,-0.1732664002030527
lagnat,0.04353715316643175,0.06345286148827604,-0.04220003336991603,0.20099406760814612,0.0,0.18086347191943275,0.32931178221627494,0.2338423319101416,-0.32415502164930227,-0.0019729674460003247,-0.17660161328096238,0.1891305778108755,-0.033363860154071584,-0.2952485648870733,-0.3487574114424669
rashes,-0.023986533127483712,-0.3068015704878304,-0.2278758910212246,0.16791385766335337,0.18086347191943275,0.0,0.16592195326444756,0.051631328534267,0.03957194003340696,0.19110773574425888,-0.2135886921910747,-0.1968504812084795,-0.13697528586248836,-0.16790656872903145,-0.13121566350700198
sipon,-0.29665646004174806,0.1404752818507807,-0.346760398569053,-0.04093751123681428,0.32931178221627494,0.16592195326444756,0.0,0.17313035852332817,-0.06566821583356684,-0.38459096102306944,-0.3792118695791158,0.09851134130913092,-0.3344289791930434,-0.008693105808442576,0.0014046770463324164
ubo,0.07463341295050431,-0.06066398610302253,0.0344735639329231,0.1399842027390173,0.2338423319101416,0.051631328534267,0.17313035852332817,0.0,-0.24644729117996808,0.3167723328635692,-0.17205852904692664,0.10236640242974825,0.22052460678218705,-0.13732496213062514,0.3182388983136714
ecq,-0.09821840151497606,-0.25662349700923653,-0.05514619890366099,-0.05799563299497719,-0.32415502164930227,0.03957194003340696,-0.06566821583356684,-0.24644729117996808,0.0,0.0938295949435574,0.530678376125928,0.19287387001075618,0.3010337498901395,0.18581569787847246,0.43365338307788165
face-shield,0.2002152942242384,-0.3453775742422764,0.26459987732929474,0.22910478526173506,-0.0019729674460003247,0.19110773574425888,-0.38459096102306944,0.3167723328635692,0.0938295949435574,0.0,0.4063043685183163,0.05956083687138776,0.41971397564385765,0.12183216303209908,0.15760252265555433
Frontliners,-0.017422453192712146,-0.055472953762169194,0.3593321441062204,-0.26548295707524594,-0.17660161328096238,-0.2135886921910747,-0.3792118695791158,-0.17205852904692664,0.530678376125928,0.4063043685183163,0.0,0.274442791399995,0.36184924186042866,0.3300086188450378,0.13333771786471177
masks,-0.05539378846551714,-0.050895819113363765,0.28502329649979563,0.10449747038851147,0.1891305778108755,-0.1968504812084795,0.09851134130913092,0.10236640242974825,0.19287387001075618,0.05956083687138776,0.274442791399995,0.0,0.3653946486773087,-0.11509939446022135,0.06349104390229268
Quarantine,0.19988228695983987,-0.12801409895190496,0.3390890264090993,0.2782747013341838,-0.033363860154071584,-0.13697528586248836,-0.3344289791930434,0.22052460678218705,0.3010337498901395,0.41971397564385765,0.36184924186042866,0.3653946486773087,0.0,0.09520908248027259,0.3253509153361961
social-distancing,0.10967284450242795,-0.20746165752104892,0.08905197366699637,-0.36872037634806526,-0.2952485648870733,-0.16790656872903145,-0.008693105808442576,-0.13732496213062514,0.18581569787847246,0.12183216303209908,0.3300086188450378,-0.11509939446022135,0.09520908248027259,0.0,0.15723912305097762
work-from-home,-0.10755863817992647,-0.0018685587845212186,-0.056689545753751125,-0.1732664002030527,-0.3487574114424669,-0.13121566350700198,0.0014046770463324164,0.3182388983136714,0.43365338307788165,0.15760252265555433,0.13333771786471177,0.06349104390229268,0.3253509153361961,0.15723912305097762,0.0
