,flu,cough,fever,headache,lagnat,rashes,sipon,ubo,ecq,face-shield,Frontliners,masks,Quarantine,social-distancing,work-from-home
flu,0.0,-0.4097793344068135,0.24244044897796438,0.01595406944551069,-0.3008123265672712,-0.2611561110887436,-0.23983600590492157,-0.15658030792370983,0.23132817234978076,-0.06624351021243076,0.13448204812752226,-0.22817732828695142,0.044309318248654576,-0.22491155802776155,0.11803666877124001
cough,-0.4097793344068135,0.0,-0.21665355340878048,-0.19796646495802975,0.036582501717321074,0.061216012031007246,0.22444323600738278,0.14610581999692804,-0.05645580086733526,0.09831711425875195,-0.09556575470115376,-0.0456849175076743,0.00964198587704567,0.1687011256234006,-0.018475737539696425
fever,0.24244044897796438,-0.21665355340878048,0.0,-0.10969241636032881,0.05215184122181529,0.09476896508062273,0.11813940500338602,0.03919086606562049,0.15444904603946016,-0.10595946017641282,-0.5024851809493966,0.015802747798074588,0.3348385503079804,-0.4109600628833877,-0.2298674077775405
headache,0.01595406944551069,-0.19796646495802975,-0.10969241636032881,0.0,0.11834776773288085,0.37251061553733017,0.12036240002131136,0.1562289316596314,-0.003071596711019045,0.11701041088905263,0.03623581416465862,-0.24479525742083108,-0.10587845310537311,0.13473350036289272,0.24489891153412513
lagnat,-0.3008123265672712,0.036582501717321074,0.05215184122181529,0.11834776773288085,0.0,0.3283766034866559,0.1082401121544173,0.23391714399728628,0.01710752410079925,0.155845823719281,0.14027103056731396,0.07544750207087207,-0.025807722194360803,0.2727264854130988,-0.34866686302278016
rashes,-0.2611561110887436,0.061216012031007246,0.09476896508062273,0.37251061553733017,0.3283766034866559,0.0,0.2548233118726133,-0.0019139596701431055,0.049167460432464526,0.17227357488462453,-0.14035969358807635,-0.05840156552735774,0.13877124661542878,0.11256962945336371,-0.10847413988197388
sipon,-0.23983600590492157,0.22444323600738278,0.11813940500338602,0.12036240002131136,0.1082401121544173,0.2548233118726133,0.0,0.10193671355844429,-0.13353651696390764,0.10793847784095359,-0.18681065127178345,-0.18195377627319165,0.24617464630853905,-0.030007965823370335,-0.16831762322690558
ubo,-0.15658030792370983,0.14610581999692804,0.03919086606562049,0.1562289316596314,0.23391714399728628,-0.0019139596701431055,0.10193671355844429,0.0,0.04343026639360908,-0.16635399671306028,0.10190804604344636,-0.10232018333351273,0.08825639275370462,0.2978745244315701,-0.1361171778658272
ecq,0.23132817234978076,-0.05645580086733526,0.15444904603946016,-0.003071596711019045,0.01710752410079925,0.049167460432464526,-0.13353651696390764,0.04343026639360908,0.0,0.16058099214758065,0.09997947744149425,-0.11257048791992569,0.4677236167955111,0.19241841572320895,-0.08452201011384504
face-shield,-0.06624351021243076,0.09831711425875195,-0.10595946017641282,0.11701041088905263,0.155845823719281,0.17227357488462453,0.10793847784095359,-0.16635399671306028,0.16058099214758065,0.0,0.15433979860941052,-0.3162455199836777,0.14465285066895275,0.05310898978002253,-0.04180647662639103
Frontliners,0.13448204812752226,-0.09556575470115376,-0.5024851809493966,0.03623581416465862,0.14027103056731396,-0.14035969358807635,-0.18681065127178345,0.10190804604344636,0.09997947744149425,0.15433979860941052,0.0,0.047545674305763036,0.04637797768537166,0.48465439107120545,0.12874603339235322
masks,-0.22817732828695142,-0.0456849175076743,0.015802747798074588,-0.24479525742083108,0.07544750207087207,-0.05840156552735774,-0.18195377627319165,-0.10232018333351273,-0.11257048791992569,-0.3162455199836777,0.047545674305763036,0.0,-0.2563883767654301,0.11411621979906357,-0.08917833602115031
Quarantine,0.044309318248654576,0.00964198587704567,0.3348385503079804,-0.10587845310537311,-0.025807722194360803,0.13877124661542878,0.24617464630853905,0.08825639275370462,0.4677236167955111,0.14465285066895275,0.04637797768537166,-0.2563883767654301,0.0,0.006445176663548166,-0.13169846650859943
social-distancing,-0.22491155802776155,0.1687011256234006,-0.4109600628833877,0.13473350036289272,0.2727264854130988,0.11256962945336371,-0.030007965823370335,0.2978745244315701,0.19241841572320895,0.05310898978002253,0.48465439107120545,0.11411621979906357,0.006445176663548166,0.0,0.06473541733194271
work-from-home,0.11803666877124001,-0.018475737539696425,-0.2298674077775405,0.24489891153412513,-0.34866686302278016,-0.10847413988197388,-0.16831762322690558,-0.1361171778658272,-0.08452201011384504,-0.04180647662639103,0.12874603339235322,-0.08917833602115031,-0.13169846650859943,0.06473541733194271,0.0
