,flu,cough,fever,headache,lagnat,rashes,sipon,ubo,ecq,face-shield,Frontliners,masks,Quarantine,social-distancing,work-from-home
flu,0.0,-0.09830076664780438,0.1463172255972781,-0.01857229261186876,0.0026433979515024073,0.09849914304442285,0.07153495348052884,0.06485824097199362,-0.09841671472576333,0.14821250595450666,-0.2957538651572746,-0.24114216286581183,-0.24120334625367318,-0.2891916747163246,-0.2956519059721423
cough,-0.09830076664780438,0.0,0.10557781928929215,0.00631327570174445,-0.02380466366687626,0.05481200384971759,-0.17550799136323003,0.028423980978418986,0.27720391238750686,-0.16919286485069385,0.2695722646141337,-0.0853889014257712,0.10956289174183088,0.2067310632817221,-0.0003213040045350414
fever,0.1463172255972781,0.10557781928929215,0.0,0.32469682177016,-0.11343338953084992,0.17382887082829848,0.18842541662545137,0.034703993023519876,-0.2986053632072953,-0.19955017330603794,-0.5132530453584664,-0.14585890518936104,0.09573257528023091,-0.21245302726277981,-0.3874042319956739
headache,-0.01857229261186876,0.00631327570174445,0.32469682177016,0.0,0.08882091857951326,0.11383506489828465,0.38250326819965375,0.43700806624325755,-0.17197059376381854,0.04399903969635652,-0.1563541643860393,-0.17815894955703884,0.04381129395566014,-0.02544952812466501,-0.34373126244570473
lagnat,0.0026433979515024073,-0.02380466366687626,-0.11343338953084992,0.08882091857951326,0.0,0.08387787537308936,0.2042507815614672,-0.26617137097934496,-0.2171387168665394,0.23395596099626315,0.015401034013128938,-0.21740036360976206,-0.1609991528261481,0.269577832135096,-0.2749338861402611
rashes,0.09849914304442285,0.05481200384971759,0.17382887082829848,0.11383506489828465,0.08387787537308936,0.0,0.2841670219777205,0.0913395799046598,0.27408976182343275,0.1886297451994856,-0.04980059242316601,-0.2191925667925844,0.23364471574818296,0.0785239325490146,-0.04480264817260836
sipon,0.07153495348052884,-0.17550799136323003,0.18842541662545137,0.38250326819965375,0.2042507815614672,0.2841670219777205,0.0,0.4172973439270616,-0.2149132161270327,0.18027997406172935,-0.19279945412448116,-0.08218317232012477,0.11765873371751716,-0.023572506992269187,-0.08038764858759051
ubo,0.06485824097199362,0.028423980978418986,0.034703993023519876,0.43700806624325755,-0.26617137097934496,0.0913395799046598,0.4172973439270616,0.0,0.20210949280770812,-0.1512851444500172,-0.0530486222023674,0.1276354736774756,0.1587538672816604,-0.27808679979477985,0.28851914000893836
ecq,-0.09841671472576333,0.27720391238750686,-0.2986053632072953,-0.17197059376381854,-0.2171387168665394,0.27408976182343275,-0.2149132161270327,0.20210949280770812,0.0,0.07177553598248289,0.1617590128596649,0.06464552959629433,0.2579425926414287,-0.06436581375982925,0.3690050542276946
face-shield,0.14821250595450666,-0.16919286485069385,-0.19955017330603794,0.04399903969635652,0.23395596099626315,0.1886297451994856,0.18027997406172935,-0.1512851444500172,0.07177553598248289,0.0,-0.13056749401142836,-0.22092077896483098,-0.19446335713017024,-0.05905108693577758,-0.024801026198088973
Frontliners,-0.2957538651572746,0.2695722646141337,-0.5132530453584664,-0.1563541643860393,0.015401034013128938,-0.04980059242316601,-0.19279945412448116,-0.0530486222023674,0.1617590128596649,-0.13056749401142836,0.0,0.07784045565842303,0.19730327413166673,0.2567391781470353,0.13840477877384924
masks,-0.24114216286581183,-0.0853889014257712,-0.14585890518936104,-0.17815894955703884,-0.21740036360976206,-0.2191925667925844,-0.08218317232012477,0.1276354736774756,0.06464552959629433,-0.22092077896483098,0.07784045565842303,0.0,0.29154060245359437,0.037939174374008885,0.3012361976898857
Quarantine,-0.24120334625367318,0.10956289174183088,0.09573257528023091,0.04381129395566014,-0.1609991528261481,0.23364471574818296,0.11765873371751716,0.1587538672816604,0.2579425926414287,-0.19446335713017024,0.19730327413166673,0.29154060245359437,0.0,0.2374206127231905,0.13838334073906786
social-distancing,-0.2891916747163246,0.2067310632817221,-0.21245302726277981,-0.02544952812466501,0.269577832135096,0.0785239325490146,-0.023572506992269187,-0.27808679979477985,-0.06436581375982925,-0.05905108693577758,0.2567391781470353,0.037939174374008885,0.2374206127231905,0.0,-0.18054421736607099
work-from-home,-0.2956519059721423,-0.0003213040045350414,-0.3874042319956739,-0.34373126244570473,-0.2749338861402611,-0.04480264817260836,-0.08038764858759051,0.28851914000893836,0.3690050542276946,-0.024801026198088973,0.13840477877384924,0.3012361976898857,0.13838334073906786,-0.18054421736607099,0.0
