,flu,cough,fever,headache,lagnat,rashes,sipon,ubo,ecq,face-shield,Frontliners,masks,Quarantine,social-distancing,work-from-home
flu,0.0,-0.026433347640183746,0.07199740622767589,-0.08737012736342473,0.04513648645861028,-0.28806610037329494,0.00026443118091502437,-0.15580561808099078,-0.14498305420752575,-0.44275432475155424,0.20028207247880012,-0.5605433453525874,0.011576459051672396,-0.20232414120277392,0.03415066725966565
cough,-0.026433347640183746,0.0,0.30095055474714677,-0.046358094553485676,0.02959365809264669,0.09920797926922796,0.40757957613536017,0.21071452027328463,-0.09366648315559298,-0.03764219469390534,-0.2728028195304106,0.054107045595889594,-0.05409992074486507,-0.2211340887977717,-0.00531425701829675
fever,0.07199740622767589,0.30095055474714677,0.0,-0.0525009094752406,-0.31890103063975594,-0.12008127362842883,0.35453179506194893,0.18432077295411167,0.1608923515145734,-0.43002269318621605,-0.497520786834975,0.14129528924593154,0.08352605675031553,-0.40455100505009467,0.13406711228955126
headache,-0.08737012736342473,-0.046358094553485676,-0.0525009094752406,0.0,-0.27989034018557035,0.06887099259496016,0.22903255126773994,-0.03854262419370466,-0.022555179756226656,-0.1378351458448958,0.011845709142434019,-0.14879341151159037,-0.12008751831321786,0.10373884558186215,-0.1387442829587224
lagnat,0.04513648645861028,0.02959365809264669,-0.31890103063975594,-0.27989034018557035,0.0,0.10907546537129899,-0.018546879755840146,0.0594359338345801,-0.0033049157578917423,-0.024440845207217406,0.4364838188420493,-0.07653668774389738,-0.08273917167291277,0.22109031796583373,0.2455191009608501
rashes,-0.28806610037329494,0.09920797926922796,-0.12008127362842883,0.06887099259496016,0.10907546537129899,0.0,-0.00913637302130457,-0.08103324462586499,0.15903689122437203,0.026135079081417545,0.05461242545197196,0.09453493955587414,0.03176791474048713,0.2694385370887754,0.1723295488876932
sipon,0.00026443118091502437,0.40757957613536017,0.35453179506194893,0.22903255126773994,-0.018546879755840146,-0.00913637302130457,0.0,0.2798024790381742,-0.17145971721863534,-0.4103246594470422,-0.050752019749778984,-0.006204335568337569,-0.09088935632993796,-0.11462521108408459,0.1473097378596199
ubo,-0.15580561808099078,0.21071452027328463,0.18432077295411167,-0.03854262419370466,0.0594359338345801,-0.08103324462586499,0.2798024790381742,0.0,0.004741227893113548,0.27093683750437375,0.17950910745825016,0.035472206566386236,0.18469593425093228,0.3030057717513527,0.3000231458798061
ecq,-0.14498305420752575,-0.09366648315559298,0.1608923515145734,-0.022555179756226656,-0.0033049157578917423,0.15903689122437203,-0.17145971721863534,0.004741227893113548,0.0,0.07231885272888036,0.05705756884777023,0.12127810938793392,0.8022066498031506,0.20433534794004302,-0.1252617941624156
face-shield,-0.44275432475155424,-0.03764219469390534,-0.43002269318621605,-0.1378351458448958,-0.024440845207217406,0.026135079081417545,-0.4103246594470422,0.27093683750437375,0.07231885272888036,0.0,0.17683099132423727,0.3915811484178786,0.30800041568535036,0.4119129815726066,0.07594474941322504
Frontliners,0.20028207247880012,-0.2728028195304106,-0.497520786834975,0.011845709142434019,0.4364838188420493,0.05461242545197196,-0.050752019749778984,0.17950910745825016,0.05705756884777023,0.17683099132423727,0.0,-0.16642151704936164,0.1972942658569253,0.42547870924562925,0.32340966257239095
masks,-0.5605433453525874,0.054107045595889594,0.14129528924593154,-0.14879341151159037,-0.07653668774389738,0.09453493955587414,-0.006204335568337569,0.035472206566386236,0.12127810938793392,0.3915811484178786,-0.16642151704936164,0.0,0.1725198932014311,0.07379012301221397,-0.03618609308942331
Quarantine,0.011576459051672396,-0.05409992074486507,0.08352605675031553,-0.12008751831321786,-0.08273917167291277,0.03176791474048713,-0.09088935632993796,0.18469593425093228,0.8022066498031506,0.30800041568535036,0.1972942658569253,0.1725198932014311,0.0,0.39486622048848435,-0.04879706783367819
social-distancing,-0.20232414120277392,-0.2211340887977717,-0.40455100505009467,0.10373884558186215,0.22109031796583373,0.2694385370887754,-0.11462521108408459,0.3030057717513527,0.20433534794004302,0.4119129815726066,0.42547870924562925,0.07379012301221397,0.39486622048848435,0.0,0.13282807724524834
work-from-home,0.03415066725966565,-0.00531425701829675,0.13406711228955126,-0.1387442829587224,0.2455191009608501,0.1723295488876932,0.1473097378596199,0.3000231458798061,-0.1252617941624156,0.07594474941322504,0.32340966257239095,-0.03618609308942331,-0.04879706783367819,0.13282807724524834,0.0
