,flu,cough,fever,headache,lagnat,rashes,sipon,ubo,ecq,face-shield,Frontliners,masks,Quarantine,social-distancing,work-from-home
flu,0.0,0.05090613825370191,0.16099699558757238,0.01953590909460274,0.24252854296722415,-0.15034676108487743,-0.08366105969963573,-0.024578240372534015,0.05526180482898277,0.1096135919614152,-0.16874882165972674,0.10849479173571054,0.10842810987195105,-0.22915503039596122,0.04144932356185103
cough,0.05090613825370191,0.0,0.3096197293000843,0.006732680097589574,0.2551079031020511,0.005819464562187796,0.3653428212380074,0.29061584804739204,0.02741437895249222,-0.12954048096788795,-0.13103447888455727,-0.10893205509973741,-0.01689329565934161,0.08557518362336491,0.03836684083791841
fever,0.16099699558757238,0.3096197293000843,0.0,-0.062125635141694564,0.10940142449139541,0.040380792953329005,0.38982565236546346,0.13341644962754395,0.15885425017871255,-0.1878885660583502,-0.003202030049786249,-0.15714294735264772,0.11063311355402711,0.025270080996776804,0.3311303595013358
headache,0.01953590909460274,0.006732680097589574,-0.062125635141694564,0.0,0.0964936250804895,0.015183282715120169,0.02763220065623156,-0.0925674244432995,0.2887273087848916,-0.2509492570137909,-0.06370032073213434,0.052603003015725416,0.1686033502312531,0.13993965578322,-0.3075077596014423
lagnat,0.24252854296722415,0.2551079031020511,0.10940142449139541,0.0964936250804895,0.0,0.09833988580964657,0.0460155619455744,0.3889363348837386,0.2383777396214642,0.21691775406459043,-0.06349641045895865,0.09812509503575219,0.32357637993707244,0.0628025723898924,0.3629821411015453
rashes,-0.15034676108487743,0.005819464562187796,0.040380792953329005,0.015183282715120169,0.09833988580964657,0.0,0.08939080166626598,0.30312492563138704,0.2597782438565493,-0.333797844358778,-0.3422080815515279,-0.23799787735147337,0.30973318594993093,-0.25984255808855306,-0.09185630749030045
sipon,-0.08366105969963573,0.3653428212380074,0.38982565236546346,0.02763220065623156,0.0460155619455744,0.08939080166626598,0.0,0.22443720222810262,0.1368900485925444,-0.18778304475487212,-0.33186531691243965,-0.28180705084890506,0.023635371397341613,-0.24756839679886056,0.06328173296847618
ubo,-0.024578240372534015,0.29061584804739204,0.13341644962754395,-0.0925674244432995,0.3889363348837386,0.30312492563138704,0.22443720222810262,0.0,0.06522627890463537,0.17501393625498549,0.02858521489260752,-0.1070672717335001,0.1518415794915662,0.1476559588693538,0.3402271512221408
ecq,0.05526180482898277,0.02741437895249222,0.15885425017871255,0.2887273087848916,0.2383777396214642,0.2597782438565493,0.1368900485925444,0.06522627890463537,0.0,0.1310778566621606,0.002341604912218931,-0.032372796949102084,0.6023044848204953,0.20127045524410553,0.12928465790322466
face-shield,0.1096135919614152,-0.12954048096788795,-0.1878885660583502,-0.2509492570137909,0.21691775406459043,-0.333797844358778,-0.18778304475487212,0.17501393625498549,0.1310778566621606,0.0,0.39726903709200856,0.34744471577759584,0.18188033408131843,0.5649260237576531,0.312918138078272
Frontliners,-0.16874882165972674,-0.13103447888455727,-0.003202030049786249,-0.06370032073213434,-0.06349641045895865,-0.3422080815515279,-0.33186531691243965,0.02858521489260752,0.002341604912218931,0.39726903709200856,0.0,0.23235552229401932,0.13390896932553217,0.6789376864311062,0.4428041790860967
masks,0.10849479173571054,-0.10893205509973741,-0.15714294735264772,0.052603003015725416,0.09812509503575219,-0.23799787735147337,-0.28180705084890506,-0.1070672717335001,-0.032372796949102084,0.34744471577759584,0.23235552229401932,0.0,-0.15954822370350774,0.12665454655709013,0.17406834210291244
Quarantine,0.10842810987195105,-0.01689329565934161,0.11063311355402711,0.1686033502312531,0.32357637993707244,0.30973318594993093,0.023635371397341613,0.1518415794915662,0.6023044848204953,0.18188033408131843,0.13390896932553217,-0.15954822370350774,0.0,0.317383972711553,0.17213981959793515
social-distancing,-0.22915503039596122,0.08557518362336491,0.025270080996776804,0.13993965578322,0.0628025723898924,-0.25984255808855306,-0.24756839679886056,0.1476559588693538,0.20127045524410553,0.5649260237576531,0.6789376864311062,0.12665454655709013,0.317383972711553,0.0,0.25035280204826665
work-from-home,0.04144932356185103,0.03836684083791841,0.3311303595013358,-0.3075077596014423,0.3629821411015453,-0.09185630749030045,0.06328173296847618,0.3402271512221408,0.12928465790322466,0.312918138078272,0.4428041790860967,0.17406834210291244,0.17213981959793515,0.25035280204826665,0.0
