,flu,cough,fever,headache,lagnat,rashes,sipon,ubo,ecq,face-shield,Frontliners,masks,Quarantine,social-distancing,work-from-home
flu,0.0,-0.39956843209591636,0.043427076419574245,-0.03381530264149706,-0.04011409506735649,-0.13592325851632303,-0.2611139015306179,-0.3003708089364034,0.2155513016040801,-0.26496133099674957,0.2780362487572324,-0.34345052907094764,-0.05337462801623433,-0.16795648793983833,0.18106315010881405
cough,-0.39956843209591636,0.0,-0.09507808621207785,-0.11069478920684982,-0.07130773149794536,0.08906162503216501,0.25908693462494803,0.14815229778909794,-0.06811798516866129,0.05072731871471884,-0.19245848299061494,-0.03274918917556786,0.06884328385476977,0.081972418746078,-0.0727038353811348
fever,0.043427076419574245,-0.09507808621207785,0.0,-0.06094493762352527,-0.02172434541557961,0.002197207224852641,0.09463664034750781,0.24441257893642251,0.1827514907842755,0.1324616178185964,-0.5151963545666918,0.15820158033499393,0.39090918535325386,-0.3451378400238284,-0.29213834444433306
headache,-0.03381530264149706,-0.11069478920684982,-0.06094493762352527,0.0,-0.07384549411066577,0.32067150901920455,0.06457881080799001,0.10112109540011495,0.05815995271458999,0.3095604394885257,-0.013450705228569726,-0.1974668413375737,-0.058158614261018225,-0.013808803816565433,0.17130918430644554
lagnat,-0.04011409506735649,-0.07130773149794536,-0.02172434541557961,-0.07384549411066577,0.0,0.32736032593445213,0.09833787563800167,-0.04754762571700319,0.006109816048336773,0.033132501624836726,0.23721001187358873,-0.08262591785275476,-0.16038233780903327,0.2783916924487698,-0.16568437958799395
rashes,-0.13592325851632303,0.08906162503216501,0.002197207224852641,0.32067150901920455,0.32736032593445213,0.0,0.19302854936785743,-0.1878295736139946,0.10070077017827925,0.27301215750974106,-0.044523174318478694,-0.1497253545085562,0.05587510979006796,0.057935246135476445,-0.04021811502573405
sipon,-0.2611139015306179,0.25908693462494803,0.09463664034750781,0.06457881080799001,0.09833787563800167,0.19302854936785743,0.0,0.13749696682136878,-0.12678367557436954,0.24771754674435273,-0.16792968822936824,-0.12288123431555778,0.22807423613191927,0.021513525203770072,-0.14714612743303457
ubo,-0.3003708089364034,0.14815229778909794,0.24441257893642251,0.10112109540011495,-0.04754762571700319,-0.1878295736139946,0.13749696682136878,0.0,0.0445369797973761,0.16879384667884575,-0.07373437056268907,0.10312755010666631,0.14561952545826967,0.2639005330927922,-0.1568051725646433
ecq,0.2155513016040801,-0.06811798516866129,0.1827514907842755,0.05815995271458999,0.006109816048336773,0.10070077017827925,-0.12678367557436954,0.0445369797973761,0.0,0.08390069409480294,0.07470572736624931,-0.12070868860894021,0.4916804538689738,0.14872278152104035,-0.11878976708625921
face-shield,-0.26496133099674957,0.05072731871471884,0.1324616178185964,0.3095604394885257,0.033132501624836726,0.27301215750974106,0.24771754674435273,0.16879384667884575,0.08390069409480294,0.0,-0.06940036917879147,-0.17619222159313752,0.37469279627965807,0.043981126930842454,-0.24344779975335054
Frontliners,0.2780362487572324,-0.19245848299061494,-0.5151963545666918,-0.013450705228569726,0.23721001187358873,-0.044523174318478694,-0.16792968822936824,-0.07373437056268907,0.07470572736624931,-0.06940036917879147,0.0,-0.08444834309026755,-0.011707562435444671,0.43666047173531375,0.18104534527517305
masks,-0.34345052907094764,-0.03274918917556786,0.15820158033499393,-0.1974668413375737,-0.08262591785275476,-0.1497253545085562,-0.12288123431555778,0.10312755010666631,-0.12070868860894021,-0.17619222159313752,-0.08444834309026755,0.0,-0.15288483525954624,0.12127622828939551,-0.1404312770828504
Quarantine,-0.05337462801623433,0.06884328385476977,0.39090918535325386,-0.058158614261018225,-0.16038233780903327,0.05587510979006796,0.22807423613191927,0.14561952545826967,0.4916804538689738,0.37469279627965807,-0.011707562435444671,-0.15288483525954624,0.0,-0.029344636583006487,-0.16246493077016155
social-distancing,-0.16795648793983833,0.081972418746078,-0.3451378400238284,-0.013808803816565433,0.2783916924487698,0.057935246135476445,0.021513525203770072,0.2639005330927922,0.14872278152104035,0.043981126930842454,0.43666047173531375,0.12127622828939551,-0.029344636583006487,0.0,0.12236341094417949
work-from-home,0.18106315010881405,-0.0727038353811348,-0.29213834444433306,0.17130918430644554,-0.16568437958799395,-0.04021811502573405,-0.14714612743303457,-0.1568051725646433,-0.11878976708625921,-0.24344779975335054,0.18104534527517305,-0.1404312770828504,-0.16246493077016155,0.12236341094417949,0.0
