,flu,cough,fever,headache,lagnat,rashes,sipon,ubo,ecq,face-shield,Frontliners,masks,Quarantine,social-distancing,work-from-home
flu,0.0,-0.33448709639086,0.08699539409448637,0.13546860382288956,0.1349035276164333,0.07504774101394801,0.40402568162290503,0.15198214265006052,0.010645664828340715,0.19429597668231768,-0.1852544301317271,-0.22371634956001873,-0.10682916164607714,-0.30626325826817885,-0.20575308135518502
cough,-0.33448709639086,0.0,-0.238063869931398,-0.08661013491310611,0.10131290922919763,-0.09872414027574869,-0.16348865754923336,-0.1722569181642643,-0.01066487284902814,-0.032932913781239845,0.5077500839834765,-0.13797668130111876,-0.06878521634494265,0.6208875671975839,-0.01653600956783473
fever,0.08699539409448637,-0.238063869931398,0.0,0.312722968706372,0.1329227831797367,0.04398731946087048,0.2764946058504585,-0.06961768006584837,-0.3199727576937505,-0.14679306641444723,-0.4431366262799269,-0.052828850146401464,0.09332164378281406,-0.2102342573099824,-0.3890440484182393
headache,0.13546860382288956,-0.08661013491310611,0.312722968706372,0.0,0.22929037155056947,0.1283478211059597,0.4000497558564095,0.2861269834266989,-0.11237648105737293,0.07795383419697814,-0.40279182598381985,-0.3355375280959099,-0.09634483042540325,-0.12351332741644297,-0.30885679355929213
lagnat,0.1349035276164333,0.10131290922919763,0.1329227831797367,0.22929037155056947,0.0,0.28094744611341144,0.08837168276377612,-0.13622218628217983,-0.09017324128451797,0.131165054188695,0.08813119327902502,-0.09743273955914225,-0.09633892596524683,0.24069777909971113,-0.5313175346735224
rashes,0.07504774101394801,-0.09872414027574869,0.04398731946087048,0.1283478211059597,0.28094744611341144,0.0,0.25000074463413063,-0.029559728209760418,0.13892411556744194,0.32267944889712946,-0.03859827396867422,-0.29820895582744184,0.1440705475520444,0.08934533402356691,-0.019896032817160906
sipon,0.40402568162290503,-0.16348865754923336,0.2764946058504585,0.4000497558564095,0.08837168276377612,0.25000074463413063,0.0,0.435583207024816,-0.19148750861889868,0.23492000538835114,-0.3484389971041818,-0.0801661957823641,0.14887467420547376,0.1990204299699542,-0.20941489515750333
ubo,0.15198214265006052,-0.1722569181642643,-0.06961768006584837,0.2861269834266989,-0.13622218628217983,-0.029559728209760418,0.435583207024816,0.0,0.11786584968023667,-0.09925716071427557,-0.12140034242719008,0.12956599289578064,0.04066558767324882,-0.13347774873264423,0.23761984281272597
ecq,0.010645664828340715,-0.01066487284902814,-0.3199727576937505,-0.11237648105737293,-0.09017324128451797,0.13892411556744194,-0.19148750861889868,0.11786584968023667,0.0,0.2157346383154096,0.18049458277724117,0.0009127061658998495,0.350013656122491,0.04512432629919912,0.22661152225138836
face-shield,0.19429597668231768,-0.032932913781239845,-0.14679306641444723,0.07795383419697814,0.131165054188695,0.32267944889712946,0.23492000538835114,-0.09925716071427557,0.2157346383154096,0.0,-0.01684987522344469,-0.1902644075779586,-0.051039977449510984,0.04207500096199792,-0.08872735448903651
Frontliners,-0.1852544301317271,0.5077500839834765,-0.4431366262799269,-0.40279182598381985,0.08813119327902502,-0.03859827396867422,-0.3484389971041818,-0.12140034242719008,0.18049458277724117,-0.01684987522344469,0.0,0.06964650614016116,0.22954955833972848,0.3215314902749842,0.06495729628016428
masks,-0.22371634956001873,-0.13797668130111876,-0.052828850146401464,-0.3355375280959099,-0.09743273955914225,-0.29820895582744184,-0.0801661957823641,0.12956599289578064,0.0009127061658998495,-0.1902644075779586,0.06964650614016116,0.0,0.20828082376759408,0.012331833121966377,0.1695302453716834
Quarantine,-0.10682916164607714,-0.06878521634494265,0.09332164378281406,-0.09634483042540325,-0.09633892596524683,0.1440705475520444,0.14887467420547376,0.04066558767324882,0.350013656122491,-0.051039977449510984,0.22954955833972848,0.20828082376759408,0.0,0.12762702205546092,0.18557672604163503
social-distancing,-0.30626325826817885,0.6208875671975839,-0.2102342573099824,-0.12351332741644297,0.24069777909971113,0.08934533402356691,0.1990204299699542,-0.13347774873264423,0.04512432629919912,0.04207500096199792,0.3215314902749842,0.012331833121966377,0.12762702205546092,0.0,-0.21641981077412767
work-from-home,-0.20575308135518502,-0.01653600956783473,-0.3890440484182393,-0.30885679355929213,-0.5313175346735224,-0.019896032817160906,-0.20941489515750333,0.23761984281272597,0.22661152225138836,-0.08872735448903651,0.06495729628016428,0.1695302453716834,0.18557672604163503,-0.21641981077412767,0.0
