,flu,cough,fever,headache,lagnat,rashes,sipon,ubo,ecq,face-shield,Frontliners,masks,Quarantine,social-distancing,work-from-home
flu,0.0,-0.1953048785294941,0.33896502252864114,0.39357628269655204,0.13425810597642693,-0.1111893280978207,0.14297883139914258,0.07365801096597674,0.13411282557451928,0.08292407452724049,-0.3011949369461144,-0.21464572115700076,0.07652915075787224,-0.2852625958586719,-0.09495304877693903
cough,-0.1953048785294941,0.0,-0.3324044831098976,0.003295620393542796,0.04450575251815902,-0.17074962510522532,0.0712895470082595,0.21263156902261102,-0.06487682382601115,0.16899947454167882,0.2703438043613031,-0.027388087210283022,-0.07214002648227642,0.4986975917507323,-0.021447674022702635
fever,0.33896502252864114,-0.3324044831098976,0.0,0.1673557784146146,0.002715014092344671,0.018772067821010097,0.20184224513515048,0.15204516434733367,-0.07592647222778903,-0.1118653064721637,-0.4828449386713165,-0.07945042264721619,0.18677553809227532,-0.3049953737692656,-0.32154736103682646
headache,0.39357628269655204,0.003295620393542796,0.1673557784146146,0.0,0.37191368622984783,0.2201475610053174,0.40696011896463896,0.24944385454946763,-0.2352997412829223,0.1434853128993075,-0.2708541371944314,-0.4454003140681961,-0.19326551069501427,-0.1415139247259128,-0.4532325162504595
lagnat,0.13425810597642693,0.04450575251815902,0.002715014092344671,0.37191368622984783,0.0,0.3524927643186597,0.15092927966621605,0.3127038750280737,0.005377384253212718,0.2025711830045013,0.17394292127897065,0.03742407904607367,-0.05044657828153169,0.2624773677424753,-0.4265821281300831
rashes,-0.1111893280978207,-0.17074962510522532,0.018772067821010097,0.2201475610053174,0.3524927643186597,0.0,0.28191957796291517,0.08859308808722868,-0.05849635854250611,0.2672897222888404,0.039925345306673826,-0.2552972305193334,0.13683519849809594,-0.06313558135207561,-0.05097748037061567
sipon,0.14297883139914258,0.0712895470082595,0.20184224513515048,0.40696011896463896,0.15092927966621605,0.28191957796291517,0.0,0.21556454762903746,-0.2832212540184699,0.18306571512616582,-0.2162574714505363,-0.260879107730413,0.34404614230751923,-0.041862049945347486,-0.29976942051734107
ubo,0.07365801096597674,0.21263156902261102,0.15204516434733367,0.24944385454946763,0.3127038750280737,0.08859308808722868,0.21556454762903746,0.0,0.1084617797157733,-0.10130863994211645,0.008837499976738357,-0.1457719766786281,0.267155531418464,0.18471454507601417,-0.2428431340867591
ecq,0.13411282557451928,-0.06487682382601115,-0.07592647222778903,-0.2352997412829223,0.005377384253212718,-0.05849635854250611,-0.2832212540184699,0.1084617797157733,0.0,0.11466579819218588,0.2786906875608838,-0.03487262394274357,0.40812971110373647,0.22692223132026296,0.05536877209849302
face-shield,0.08292407452724049,0.16899947454167882,-0.1118653064721637,0.1434853128993075,0.2025711830045013,0.2672897222888404,0.18306571512616582,-0.10130863994211645,0.11466579819218588,0.0,0.1914703198604264,-0.19053744134823805,0.04975423778125606,0.01496622302816961,-0.04314718126968644
Frontliners,-0.3011949369461144,0.2703438043613031,-0.4828449386713165,-0.2708541371944314,0.17394292127897065,0.039925345306673826,-0.2162574714505363,0.008837499976738357,0.2786906875608838,0.1914703198604264,0.0,0.22767358792389011,0.16430363714610022,0.44152724348476274,0.044190976571920726
masks,-0.21464572115700076,-0.027388087210283022,-0.07945042264721619,-0.4454003140681961,0.03742407904607367,-0.2552972305193334,-0.260879107730413,-0.1457719766786281,-0.03487262394274357,-0.19053744134823805,0.22767358792389011,0.0,-0.15749190441619895,0.2406627741493965,0.042794683928171644
Quarantine,0.07652915075787224,-0.07214002648227642,0.18677553809227532,-0.19326551069501427,-0.05044657828153169,0.13683519849809594,0.34404614230751923,0.267155531418464,0.40812971110373647,0.04975423778125606,0.16430363714610022,-0.15749190441619895,0.0,-0.02399562015905262,-0.08256733428150276
social-distancing,-0.2852625958586719,0.4986975917507323,-0.3049953737692656,-0.1415139247259128,0.2624773677424753,-0.06313558135207561,-0.041862049945347486,0.18471454507601417,0.22692223132026296,0.01496622302816961,0.44152724348476274,0.2406627741493965,-0.02399562015905262,0.0,-0.15343994998226806
work-from-home,-0.09495304877693903,-0.021447674022702635,-0.32154736103682646,-0.4532325162504595,-0.4265821281300831,-0.05097748037061567,-0.29976942051734107,-0.2428431340867591,0.05536877209849302,-0.04314718126968644,0.044190976571920726,0.042794683928171644,-0.08256733428150276,-0.15343994998226806,0.0
