,flu,cough,fever,headache,lagnat,rashes,sipon,ubo,ecq,face-shield,Frontliners,masks,Quarantine,social-distancing,work-from-home
flu,0.0,-0.39389724049602165,0.11839299049204222,0.09889343340521214,-0.04112082104327684,-0.2910203295503285,0.014091915965324496,-0.10318075853017152,0.05319068387839894,-0.54846480676865,0.22793809728277742,-0.42383024107448347,-0.17596656245031214,-0.2893242086472202,0.2384470547046933
cough,-0.39389724049602165,0.0,-0.10223747239284732,-0.10368138987870665,-0.06245034470995042,0.15297315753952828,0.28154585286591793,0.09664584247648206,-0.014863428787643558,0.11063375905127205,-0.154136788316959,0.06898588892065785,0.00617469470639596,0.14122314232070382,-0.09188307225668914
fever,0.11839299049204222,-0.10223747239284732,0.0,0.13016721222610003,-0.0816976150847074,-0.01479864504928516,0.2380765853741516,0.34176279144714744,0.1281562894775937,-0.019269763779084938,-0.44702041313580493,0.10868001364344022,0.33929839699542597,-0.4208837167167544,-0.18950185803663225
headache,0.09889343340521214,-0.10368138987870665,0.13016721222610003,0.0,-0.09967601553096052,0.20408851888808652,0.24060873627798052,0.20916646861040566,0.035410569381672655,-0.019271483145603535,-0.06401748591454332,-0.2946868209084514,-0.16096985399010502,-0.03221566759324795,0.2543356188197351
lagnat,-0.04112082104327684,-0.06245034470995042,-0.0816976150847074,-0.09967601553096052,0.0,0.2776369520746675,0.03355422326471466,-0.06842649902318919,-0.0422447458702252,0.09662170803309073,0.30724831661324803,-0.11698811780050403,-0.04597097553356211,0.21876780577655147,-0.18846191645889118
rashes,-0.2910203295503285,0.15297315753952828,-0.01479864504928516,0.20408851888808652,0.2776369520746675,0.0,0.04950640994936554,-0.2521592947549288,0.13747035417592227,0.1549202652198122,-0.08408433698999875,-0.07895577574672198,0.13525044655993884,0.09358323365312013,-0.0527934904356313
sipon,0.014091915965324496,0.28154585286591793,0.2380765853741516,0.24060873627798052,0.03355422326471466,0.04950640994936554,0.0,0.33377934659676967,-0.19904729160540402,-0.1313157307989156,-0.11582791453745228,-0.24955300359395063,0.04085466653032184,-0.08149399427118775,-0.027862175761659207
ubo,-0.10318075853017152,0.09664584247648206,0.34176279144714744,0.20916646861040566,-0.06842649902318919,-0.2521592947549288,0.33377934659676967,0.0,-0.006485623670263873,-0.07378254516312463,-0.03707461582771163,0.045142558750978896,0.0033627287005100486,0.20333049132853911,-0.04467639639003518
ecq,0.05319068387839894,-0.014863428787643558,0.1281562894775937,0.035410569381672655,-0.0422447458702252,0.13747035417592227,-0.19904729160540402,-0.006485623670263873,0.0,0.27767267665614964,0.05282123479584075,-0.12350076429545767,0.6362523728566554,0.14872278152104035,-0.20469462482057563
face-shield,-0.54846480676865,0.11063375905127205,-0.019269763779084938,-0.019271483145603535,0.09662170803309073,0.1549202652198122,-0.1313157307989156,-0.07378254516312463,0.27767267665614964,0.0,-0.11658919889906849,0.09217884556605695,0.6234464883415937,0.2379700973901798,-0.3510639925915191
Frontliners,0.22793809728277742,-0.154136788316959,-0.44702041313580493,-0.06401748591454332,0.30724831661324803,-0.08408433698999875,-0.11582791453745228,-0.03707461582771163,0.05282123479584075,-0.11658919889906849,0.0,-0.12132278556712522,-0.004240986863722597,0.4021043284901515,0.15727194886627577
masks,-0.42383024107448347,0.06898588892065785,0.10868001364344022,-0.2946868209084514,-0.11698811780050403,-0.07895577574672198,-0.24955300359395063,0.045142558750978896,-0.12350076429545767,0.09217884556605695,-0.12132278556712522,0.0,0.021518858218097205,0.11953834942439195,-0.2527696924031825
Quarantine,-0.17596656245031214,0.00617469470639596,0.33929839699542597,-0.16096985399010502,-0.04597097553356211,0.13525044655993884,0.04085466653032184,0.0033627287005100486,0.6362523728566554,0.6234464883415937,-0.004240986863722597,0.021518858218097205,0.0,0.1286898885011109,-0.2623935685354455
social-distancing,-0.2893242086472202,0.14122314232070382,-0.4208837167167544,-0.03221566759324795,0.21876780577655147,0.09358323365312013,-0.08149399427118775,0.20333049132853911,0.14872278152104035,0.2379700973901798,0.4021043284901515,0.11953834942439195,0.1286898885011109,0.0,0.02457672381118274
work-from-home,0.2384470547046933,-0.09188307225668914,-0.18950185803663225,0.2543356188197351,-0.18846191645889118,-0.0527934904356313,-0.027862175761659207,-0.04467639639003518,-0.20469462482057563,-0.3510639925915191,0.15727194886627577,-0.2527696924031825,-0.2623935685354455,0.02457672381118274,0.0
