,flu,cough,fever,headache,lagnat,rashes,sipon,ubo,ecq,face-shield,Frontliners,masks,Quarantine,social-distancing,work-from-home
flu,0.0,0.008217316438566952,0.06066794230016609,-0.051562881083326316,0.18255610071229253,-0.08999718192681312,0.045092446212156134,-0.03750242418383511,-0.10628418622769548,-0.42434716484867,0.23285664015817872,-0.5020881928686537,0.01385115497029683,-0.14384358463880148,-0.09453336513607649
cough,0.008217316438566952,0.0,0.25055931450393987,-0.10083954394588719,0.18577579964818744,0.22834737799869032,0.44788024361325196,0.31615624832091355,0.027915380167687794,-0.14409091026953733,-0.3302420549129198,-0.0031858715479314466,0.09787167399193225,-0.2137086635040573,0.09845735487198948
fever,0.06066794230016609,0.25055931450393987,0.0,0.11720464878404807,-0.15258995860650348,0.15644031637638312,0.5490631414833718,0.2710238059201432,0.3106014308132184,-0.4876037112920056,-0.5396074649413156,-0.078405930695342,0.24266089705987545,-0.34202884360034147,-0.05769059419790281
headache,-0.051562881083326316,-0.10083954394588719,0.11720464878404807,0.0,-0.23674539313281612,0.1343350651222708,0.29258433138124307,-0.0016042959059668765,0.4378023803889436,-0.22919494009542507,-0.085080893460874,-0.3534123378503264,0.35419834370029835,0.18185888276427406,-0.1847841027192181
lagnat,0.18255610071229253,0.18577579964818744,-0.15258995860650348,-0.23674539313281612,0.0,0.2066987734043513,0.14379474883039403,0.22238296848094904,0.31459595775849164,-0.20540779353716127,0.19792167189253512,-0.27837332837866136,0.3137775107901894,0.16157657179140333,0.25686912806449164
rashes,-0.08999718192681312,0.22834737799869032,0.15644031637638312,0.1343350651222708,0.2066987734043513,0.0,0.1259160189513503,0.13804047113449505,0.5135048907312928,-0.15386212181066727,-0.246676791585521,-0.238508823278387,0.4240557391236042,0.1982898418243609,0.07243808668355503
sipon,0.045092446212156134,0.44788024361325196,0.5490631414833718,0.29258433138124307,0.14379474883039403,0.1259160189513503,0.0,0.4362490339939294,0.2439124715263844,-0.3823129622111829,-0.15940841003733225,-0.12006130887581226,0.2628986570336611,-0.05663402030988991,0.04130231930705509
ubo,-0.03750242418383511,0.31615624832091355,0.2710238059201432,-0.0016042959059668765,0.22238296848094904,0.13804047113449505,0.4362490339939294,0.0,0.14862000635491465,0.1340086391042849,-0.024068794388688555,-0.15601194890073342,0.2810157709164219,0.19616924440112768,0.2148277727741672
ecq,-0.10628418622769548,0.027915380167687794,0.3106014308132184,0.4378023803889436,0.31459595775849164,0.5135048907312928,0.2439124715263844,0.14862000635491465,0.0,-0.21379800791260567,-0.2555743952046359,-0.34778961897765376,0.8945618840145335,0.09324662734251767,-0.14958824598020623
face-shield,-0.42434716484867,-0.14409091026953733,-0.4876037112920056,-0.22919494009542507,-0.20540779353716127,-0.15386212181066727,-0.3823129622111829,0.1340086391042849,-0.21379800791260567,0.0,0.18895222859712613,0.373097411756687,-0.07051059330348006,0.2750323689441163,0.18671673822197088
Frontliners,0.23285664015817872,-0.3302420549129198,-0.5396074649413156,-0.085080893460874,0.19792167189253512,-0.246676791585521,-0.15940841003733225,-0.024068794388688555,-0.2555743952046359,0.18895222859712613,0.0,0.023175196485804277,-0.1277917139915774,0.306316560901845,0.4308667286459797
masks,-0.5020881928686537,-0.0031858715479314466,-0.078405930695342,-0.3534123378503264,-0.27837332837866136,-0.238508823278387,-0.12006130887581226,-0.15601194890073342,-0.34778961897765376,0.373097411756687,0.023175196485804277,0.0,-0.3119877705221978,-0.025912433310915795,0.15605637238582545
Quarantine,0.01385115497029683,0.09787167399193225,0.24266089705987545,0.35419834370029835,0.3137775107901894,0.4240557391236042,0.2628986570336611,0.2810157709164219,0.8945618840145335,-0.07051059330348006,-0.1277917139915774,-0.3119877705221978,0.0,0.24693566943916073,-0.029760524606067665
social-distancing,-0.14384358463880148,-0.2137086635040573,-0.34202884360034147,0.18185888276427406,0.16157657179140333,0.1982898418243609,-0.05663402030988991,0.19616924440112768,0.09324662734251767,0.2750323689441163,0.306316560901845,-0.025912433310915795,0.24693566943916073,0.0,0.23889268843858477
work-from-home,-0.09453336513607649,0.09845735487198948,-0.05769059419790281,-0.1847841027192181,0.25686912806449164,0.07243808668355503,0.04130231930705509,0.2148277727741672,-0.14958824598020623,0.18671673822197088,0.4308667286459797,0.15605637238582545,-0.029760524606067665,0.23889268843858477,0.0
