,flu,cough,fever,headache,lagnat,rashes,sipon,ubo,ecq,face-shield,Frontliners,masks,Quarantine,social-distancing,work-from-home
flu,0.0,-0.40576582937994504,-0.0005390435348447841,-0.0004464898729455002,0.050693417308668394,-0.20269841495392762,-0.17010832783338276,-0.23965998383492135,0.14324721141304772,-0.34178781601130415,0.3560842210938315,-0.35581232169577426,-0.08446129407507673,-0.22167700734110318,0.21388288070568848
cough,-0.40576582937994504,0.0,-0.07706396134815251,-0.13046074065641558,-0.09370916853061269,0.11309414240093105,0.22889368484677253,0.1300969637683602,-0.04492602827694765,0.08045301505368266,-0.2197566061207483,-0.02220409127253279,0.07627057929189535,0.10498870331127476,-0.08427728532730419
fever,-0.0005390435348447841,-0.07706396134815251,0.0,0.0020632478049411886,-0.05048557062213303,-0.012231640537772344,0.10970863672144596,0.28678022827622895,0.15641176681919727,0.13764002080674512,-0.5002404642750399,0.15978293085478942,0.4350896061464895,-0.39159235395031444,-0.3164632670067342
headache,-0.0004464898729455002,-0.13046074065641558,0.0020632478049411886,0.0,-0.0523547518309122,0.3403476433263686,0.050576902134147256,0.07447571508160179,0.09121969623063596,0.3031814403300605,-0.032778880161492795,-0.19788966597153948,-0.08503639241051197,0.017623998449646183,0.18666184152944518
lagnat,0.050693417308668394,-0.09370916853061269,-0.05048557062213303,-0.0523547518309122,0.0,0.24711219297602946,0.15331132903973577,-0.010112392488948572,-0.042244745870225135,-0.05550146033305033,0.3033375340935887,-0.10467153099208583,-0.18507459086591022,0.21876780577655142,-0.11954171453456776
rashes,-0.20269841495392762,0.11309414240093105,-0.012231640537772344,0.3403476433263686,0.24711219297602946,0.0,0.1530162938101384,-0.194384344534416,0.11576929027643307,0.314900035074736,-0.08868885325050288,-0.13170262396441448,0.08906600545591252,0.07399442292211678,-0.07123825154466656
sipon,-0.17010832783338276,0.22889368484677253,0.10970863672144596,0.050576902134147256,0.15331132903973577,0.1530162938101384,0.0,0.14501441574455867,-0.14150785765156165,0.17506668756965252,-0.11440801726315478,-0.13511582607187309,0.19010112735324747,0.0040730116996928415,-0.11216671356112029
ubo,-0.23965998383492135,0.1300969637683602,0.28678022827622895,0.07447571508160179,-0.010112392488948572,-0.194384344534416,0.14501441574455867,0.0,0.04927994986664805,0.13504242173274086,-0.058407993819817074,0.09829167333153331,0.12033971237121456,0.2695327092115111,-0.13688431422910874
ecq,0.14324721141304772,-0.04492602827694765,0.15641176681919727,0.09121969623063596,-0.042244745870225135,0.11576929027643307,-0.14150785765156165,0.04927994986664805,0.0,0.119029302520739,0.04870905422392903,-0.1121333904288394,0.5210701215362964,0.14872278152104035,-0.14296964841980248
face-shield,-0.34178781601130415,0.08045301505368266,0.13764002080674512,0.3031814403300605,-0.05550146033305033,0.314900035074736,0.17506668756965252,0.13504242173274086,0.119029302520739,0.0,-0.14296687598938157,-0.14279239460026238,0.3975724933834152,0.0815234414032093,-0.2738574809781092
Frontliners,0.3560842210938315,-0.2197566061207483,-0.5002404642750399,-0.032778880161492795,0.3033375340935887,-0.08868885325050288,-0.11440801726315478,-0.058407993819817074,0.04870905422392903,-0.14296687598938157,0.0,-0.10171280429560978,-0.056496519979622,0.3987628454877399,0.21617812295615932
masks,-0.35581232169577426,-0.02220409127253279,0.15978293085478942,-0.19788966597153948,-0.10467153099208583,-0.13170262396441448,-0.13511582607187309,0.09829167333153331,-0.1121333904288394,-0.14279239460026238,-0.10171280429560978,0.0,-0.13809502641221422,0.12919020084209104,-0.15174824396109124
Quarantine,-0.08446129407507673,0.07627057929189535,0.4350896061464895,-0.08503639241051197,-0.18507459086591022,0.08906600545591252,0.19010112735324747,0.12033971237121456,0.5210701215362964,0.3975724933834152,-0.056496519979622,-0.13809502641221422,0.0,0.002811035032073424,-0.17565327434770553
social-distancing,-0.22167700734110318,0.10498870331127476,-0.39159235395031444,0.017623998449646183,0.21876780577655142,0.07399442292211678,0.0040730116996928415,0.2695327092115111,0.14872278152104035,0.0815234414032093,0.3987628454877399,0.12919020084209104,0.002811035032073424,0.0,0.09547788641246067
work-from-home,0.21388288070568848,-0.08427728532730419,-0.3164632670067342,0.18666184152944518,-0.11954171453456776,-0.07123825154466656,-0.11216671356112029,-0.13688431422910874,-0.14296964841980248,-0.2738574809781092,0.21617812295615932,-0.15174824396109124,-0.17565327434770553,0.09547788641246067,0.0
