,flu,cough,fever,headache,lagnat,rashes,sipon,ubo,ecq,face-shield,Frontliners,masks,Quarantine,social-distancing,work-from-home
flu,0.0,-0.03776585441440853,0.013013893713250638,0.01118085528109225,0.19551139437715823,-0.13476521221216836,0.07501188250916359,-0.09461667960250521,-0.08650717512206035,-0.38960531570155077,0.26822140593674126,-0.38102038768490787,-0.005773309519129431,-0.12612833444420132,0.01724789474230867
cough,-0.03776585441440853,0.0,0.3078592659370601,-0.1552055773975453,0.13283584087654596,0.2483207202158171,0.37344714457546924,0.2973244820327416,0.03380662713568613,-0.1151850824991114,-0.33726672623490006,-0.002879398661130229,0.1323341272345165,-0.25620179796063913,0.040658786476528125
fever,0.013013893713250638,0.3078592659370601,0.0,0.07833325918167029,-0.19959086839980772,0.1662374287697811,0.5440890822247675,0.18300075053433965,0.26343311943563236,-0.44135586257984605,-0.5646190644893764,-0.0926688318748316,0.2445394981969747,-0.3842344253945481,-0.0717074627503316
headache,0.01118085528109225,-0.1552055773975453,0.07833325918167029,0.0,-0.20158691026918427,0.07674298751559108,0.32018760796330237,-0.021083385071184263,0.45688219530728413,-0.17190642228530262,-0.017453356579550196,-0.24477864441844804,0.29623918670189625,0.19551972909813203,-0.0331676614845515
lagnat,0.19551139437715823,0.13283584087654596,-0.19959086839980772,-0.20158691026918427,0.0,0.1627670496433751,0.14134004030513986,0.1997924856988908,0.341358870427392,-0.09669754663695007,0.257706632745076,-0.20016344270535952,0.26577882217391785,0.16157657179140333,0.3467499220201586
rashes,-0.13476521221216836,0.2483207202158171,0.1662374287697811,0.07674298751559108,0.1627670496433751,0.0,0.07458148718988142,0.10301906290376132,0.4814610870720404,-0.13945549971686164,-0.26704186225278925,-0.2616017049077055,0.43180773955339397,0.16655403320835394,-0.0002031736979363396
sipon,0.07501188250916359,0.37344714457546924,0.5440890822247675,0.32018760796330237,0.14134004030513986,0.07458148718988142,0.0,0.4104759424937921,0.2881925139450883,-0.26949688950337114,-0.07922769245752936,-0.017058751888177376,0.22258411551098584,-0.059402160353524046,0.17351506806696815
ubo,-0.09461667960250521,0.2973244820327416,0.18300075053433965,-0.021083385071184263,0.1997924856988908,0.10301906290376132,0.4104759424937921,0.0,0.15217514447853953,0.4018728944211441,0.05990116217234802,-0.13412349767134754,0.18177336441202172,0.18026981722109459,0.3538846756162921
ecq,-0.08650717512206035,0.03380662713568613,0.26343311943563236,0.45688219530728413,0.341358870427392,0.4814610870720404,0.2881925139450883,0.15217514447853953,0.0,-0.14924235083169038,-0.2167007634923938,-0.32449755718869766,0.820591496887863,0.112079458617144,-0.049845419314784804
face-shield,-0.38960531570155077,-0.1151850824991114,-0.44135586257984605,-0.17190642228530262,-0.09669754663695007,-0.13945549971686164,-0.26949688950337114,0.4018728944211441,-0.14924235083169038,0.0,0.20875307232538504,0.2511395846021256,-0.1574620589049261,0.3434088666286548,0.23158192657579216
Frontliners,0.26822140593674126,-0.33726672623490006,-0.5646190644893764,-0.017453356579550196,0.257706632745076,-0.26704186225278925,-0.07922769245752936,0.05990116217234802,-0.2167007634923938,0.20875307232538504,0.0,0.03274603235760247,-0.1795297629812966,0.3449765101337351,0.4734189761553187
masks,-0.38102038768490787,-0.002879398661130229,-0.0926688318748316,-0.24477864441844804,-0.20016344270535952,-0.2616017049077055,-0.017058751888177376,-0.13412349767134754,-0.32449755718869766,0.2511395846021256,0.03274603235760247,0.0,-0.3100745121858642,0.02585964274868746,0.18033861607673093
Quarantine,-0.005773309519129431,0.1323341272345165,0.2445394981969747,0.29623918670189625,0.26577882217391785,0.43180773955339397,0.22258411551098584,0.18177336441202172,0.820591496887863,-0.1574620589049261,-0.1795297629812966,-0.3100745121858642,0.0,0.21221921077748732,-0.13736185287721495
social-distancing,-0.12612833444420132,-0.25620179796063913,-0.3842344253945481,0.19551972909813203,0.16157657179140333,0.16655403320835394,-0.059402160353524046,0.18026981722109459,0.112079458617144,0.3434088666286548,0.3449765101337351,0.02585964274868746,0.21221921077748732,0.0,0.2960074326400357
work-from-home,0.01724789474230867,0.040658786476528125,-0.0717074627503316,-0.0331676614845515,0.3467499220201586,-0.0002031736979363396,0.17351506806696815,0.3538846756162921,-0.049845419314784804,0.23158192657579216,0.4734189761553187,0.18033861607673093,-0.13736185287721495,0.2960074326400357,0.0
