,flu,cough,fever,headache,lagnat,rashes,sipon,ubo,ecq,face-shield,Frontliners,masks,Quarantine,social-distancing,work-from-home
flu,0.0,-0.0807679337517012,0.17735145203099947,0.039053742280634254,0.06756634086342715,0.1695840194210532,0.2481594265839777,0.09823068915043623,-0.14065559536547292,0.09466398750044612,-0.3498760670889243,-0.205257791184066,-0.2280625263522187,-0.22618412092870943,-0.3027667016791897
cough,-0.0807679337517012,0.0,-0.024830636805218846,-0.0880436048891027,0.013320954632699982,-0.06736321897417762,-0.17076672491455927,-0.103139105090895,0.33605305810814495,-0.0710972452098426,0.3182965942016166,-0.07186349010725136,0.07000939349116556,0.4682891789439261,-0.06629697341969182
fever,0.17735145203099947,-0.024830636805218846,0.0,0.26020377659804245,-0.025238111341881354,0.1331057488183323,0.10590688618749236,-0.1422199549439076,-0.3547541553197797,-0.1732961862408316,-0.5350563094586712,-0.19652075504489905,0.0679948370815836,-0.1459960904603185,-0.38597028978163084
headache,0.039053742280634254,-0.0880436048891027,0.26020377659804245,0.0,0.18807439714900223,0.1097864590545158,0.35602330745036675,0.35775628090836425,-0.14166838394645212,0.04607707117581747,-0.25425894270324684,-0.2764638982598076,-0.03475289149028099,-0.04854350842141197,-0.30429636967511076
lagnat,0.06756634086342715,0.013320954632699982,-0.025238111341881354,0.18807439714900223,0.0,0.2392570740778279,0.18915486127135053,-0.2079584659263948,-0.22691714161290624,0.19613751874418084,0.07623826362551114,-0.2450082649499971,-0.13585940867422383,0.17602545280199575,-0.3577385784633532
rashes,0.1695840194210532,-0.06736321897417762,0.1331057488183323,0.1097864590545158,0.2392570740778279,0.0,0.2138593318008302,-0.022229737499320605,0.21796555166209053,0.31408141326786715,-0.11661602056336699,-0.28808034269802507,0.2299572451609799,0.0678948945239856,-0.010228753491695717
sipon,0.2481594265839777,-0.17076672491455927,0.10590688618749236,0.35602330745036675,0.18915486127135053,0.2138593318008302,0.0,0.3790225596700597,-0.1265704110399548,0.27123749198569075,-0.15783362813118712,-0.18061338606326627,0.03576854263119433,0.09201706701542413,-0.16571584001164133
ubo,0.09823068915043623,-0.103139105090895,-0.1422199549439076,0.35775628090836425,-0.2079584659263948,-0.022229737499320605,0.3790225596700597,0.0,0.20036077708940178,-0.12458660521896751,-0.008066130935726178,0.0859340356775899,0.09976360838404173,-0.10170931962143435,0.324329844869009
ecq,-0.14065559536547292,0.33605305810814495,-0.3547541553197797,-0.14166838394645212,-0.22691714161290624,0.21796555166209053,-0.1265704110399548,0.20036077708940178,0.0,0.048660129156936655,0.1551941263538467,0.0761073251184472,0.20868990035880297,0.07630024706198327,0.32869670389867905
face-shield,0.09466398750044612,-0.0710972452098426,-0.1732961862408316,0.04607707117581747,0.19613751874418084,0.31408141326786715,0.27123749198569075,-0.12458660521896751,0.048660129156936655,0.0,0.0062029769444968555,-0.15848567557217916,-0.15113670019998388,0.06420583852939349,-0.12297072703667081
Frontliners,-0.3498760670889243,0.3182965942016166,-0.5350563094586712,-0.25425894270324684,0.07623826362551114,-0.11661602056336699,-0.15783362813118712,-0.008066130935726178,0.1551941263538467,0.0062029769444968555,0.0,0.15008912257150067,0.2792512743212065,0.2734307862261007,0.19280672005711616
masks,-0.205257791184066,-0.07186349010725136,-0.19652075504489905,-0.2764638982598076,-0.2450082649499971,-0.28808034269802507,-0.18061338606326627,0.0859340356775899,0.0761073251184472,-0.15848567557217916,0.15008912257150067,0.0,0.28906306781881486,0.1141187115684574,0.27375230121443356
Quarantine,-0.2280625263522187,0.07000939349116556,0.0679948370815836,-0.03475289149028099,-0.13585940867422383,0.2299572451609799,0.03576854263119433,0.09976360838404173,0.20868990035880297,-0.15113670019998388,0.2792512743212065,0.28906306781881486,0.0,0.2883602193046767,0.10771012969190444
social-distancing,-0.22618412092870943,0.4682891789439261,-0.1459960904603185,-0.04854350842141197,0.17602545280199575,0.0678948945239856,0.09201706701542413,-0.10170931962143435,0.07630024706198327,0.06420583852939349,0.2734307862261007,0.1141187115684574,0.2883602193046767,0.0,-0.26685676393079083
work-from-home,-0.3027667016791897,-0.06629697341969182,-0.38597028978163084,-0.30429636967511076,-0.3577385784633532,-0.010228753491695717,-0.16571584001164133,0.324329844869009,0.32869670389867905,-0.12297072703667081,0.19280672005711616,0.27375230121443356,0.10771012969190444,-0.26685676393079083,0.0
