,flu,cough,fever,headache,lagnat,rashes,sipon,ubo,ecq,face-shield,Frontliners,masks,Quarantine,social-distancing,work-from-home
flu,0.0,0.18447768737012363,0.1348837143776279,0.1373019607704141,0.3182522810751425,-0.2722682074223982,0.14487774501021833,-0.0689427314725711,-0.046516437109206776,0.0007088230831126822,0.33403928411966494,-0.10781474721680188,-0.07820071723324157,0.016019900332718613,0.17209503904266418
cough,0.18447768737012363,0.0,0.23876616621820201,0.025622968382466634,0.1103318951641206,0.013004243341816754,0.33062920603245016,0.41881824150767805,-0.07683524640300704,-0.08231201602514675,-0.07612312383544623,0.06658266110168383,0.06876338801989523,-0.059030774973037076,0.11958136485473866
fever,0.1348837143776279,0.23876616621820201,0.0,0.06663022417119582,-0.07772768514511133,-0.12304573360698284,0.5775675104558566,0.26830149447272866,0.06388005554056975,-0.05097840171891534,-0.19750744041178991,-0.058436601263279146,0.18604607905577236,-0.07108854970849283,0.3237162526559911
headache,0.1373019607704141,0.025622968382466634,0.06663022417119582,0.0,-0.0963290728487142,0.05463539020054536,0.303342724972081,0.004515213459643064,0.24145567020262373,-0.390025342594093,-0.04985918736550377,-0.13567448055411627,0.18275942053350078,0.03759877115334929,-0.20153772241410745
lagnat,0.3182522810751425,0.1103318951641206,-0.07772768514511133,-0.0963290728487142,0.0,0.0669099174957982,0.12442661312114382,0.2398796988886187,0.19195358005089505,-0.16127357693169772,0.4730279502001806,-0.18244396261928159,0.27005931671251915,0.33448717364399955,0.4356270301503226
rashes,-0.2722682074223982,0.013004243341816754,-0.12304573360698284,0.05463539020054536,0.0669099174957982,0.0,-0.09760510324384682,0.19956173246696904,0.43085218821103904,0.03490710207793046,-0.06291160168434395,-0.1864798406257415,0.4464110410844412,0.20749363941465607,-0.05066535436687757
sipon,0.14487774501021833,0.33062920603245016,0.5775675104558566,0.303342724972081,0.12442661312114382,-0.09760510324384682,0.0,0.44646025775002185,0.1398285389126576,-0.1709627401019939,0.12731908271337883,-0.029715583177508935,0.21075648728676263,0.09797050885177415,0.3431690385380974
ubo,-0.0689427314725711,0.41881824150767805,0.26830149447272866,0.004515213459643064,0.2398796988886187,0.19956173246696904,0.44646025775002185,0.0,-0.09335411436959756,-0.12047925623550146,0.06856031049897425,-0.20903861257528486,0.06769986068999885,0.12063328911755193,0.37293473635601426
ecq,-0.046516437109206776,-0.07683524640300704,0.06388005554056975,0.24145567020262373,0.19195358005089505,0.43085218821103904,0.1398285389126576,-0.09335411436959756,0.0,0.32837327253753074,-0.23338054634448505,-0.08962209997002692,0.7462707102446667,0.098319182199208,-0.147369611500373
face-shield,0.0007088230831126822,-0.08231201602514675,-0.05097840171891534,-0.390025342594093,-0.16127357693169772,0.03490710207793046,-0.1709627401019939,-0.12047925623550146,0.32837327253753074,0.0,-0.1309167729354784,0.2713244981052109,0.04530828458480135,0.06511223121712609,-0.02810523989199101
Frontliners,0.33403928411966494,-0.07612312383544623,-0.19750744041178991,-0.04985918736550377,0.4730279502001806,-0.06291160168434395,0.12731908271337883,0.06856031049897425,-0.23338054634448505,-0.1309167729354784,0.0,0.01004653239617828,-0.2164510416881798,0.2519755147545772,0.5448506970687189
masks,-0.10781474721680188,0.06658266110168383,-0.058436601263279146,-0.13567448055411627,-0.18244396261928159,-0.1864798406257415,-0.029715583177508935,-0.20903861257528486,-0.08962209997002692,0.2713244981052109,0.01004653239617828,0.0,-0.28951969110379283,-0.07422385187097032,-0.008651988988259793
Quarantine,-0.07820071723324157,0.06876338801989523,0.18604607905577236,0.18275942053350078,0.27005931671251915,0.4464110410844412,0.21075648728676263,0.06769986068999885,0.7462707102446667,0.04530828458480135,-0.2164510416881798,-0.28951969110379283,0.0,0.2802122652827492,-0.10333144959595804
social-distancing,0.016019900332718613,-0.059030774973037076,-0.07108854970849283,0.03759877115334929,0.33448717364399955,0.20749363941465607,0.09797050885177415,0.12063328911755193,0.098319182199208,0.06511223121712609,0.2519755147545772,-0.07422385187097032,0.2802122652827492,0.0,0.1960824778978181
work-from-home,0.17209503904266418,0.11958136485473866,0.3237162526559911,-0.20153772241410745,0.4356270301503226,-0.05066535436687757,0.3431690385380974,0.37293473635601426,-0.147369611500373,-0.02810523989199101,0.5448506970687189,-0.008651988988259793,-0.10333144959595804,0.1960824778978181,0.0
