,flu,cough,fever,headache,lagnat,rashes,sipon,ubo,ecq,face-shield,Frontliners,masks,Quarantine,social-distancing,work-from-home
flu,0.0,-0.17639723535399401,0.38468349668681967,0.23103050190388524,-0.017237970396097545,-0.2503403154588191,0.03536675398786654,0.0285938666145689,0.19288768038685938,0.041470375019384186,-0.2198681206920019,-0.11402912443012796,0.09948955056056855,-0.29166998344920164,-0.14154396479165432
cough,-0.17639723535399401,0.0,-0.28824354670864094,-0.02878145818501291,0.07923466389376317,-0.1669089057411908,0.1046335739265226,0.17326793971078305,-0.07284197011964225,0.17335112542346878,0.2668677625105374,-0.07242210113987115,-0.01914405034993361,0.36035315719790684,-0.07497110329317065
fever,0.38468349668681967,-0.28824354670864094,0.0,0.13895290312500883,0.024932399755380995,0.020955284900581177,0.2307450209101875,0.11590395512008363,-0.08126726007294258,-0.10713365296380993,-0.49558771740602137,-0.1164948644885384,0.22324108805532442,-0.3484734877658541,-0.3542117689046444
headache,0.23103050190388524,-0.02878145818501291,0.13895290312500883,0.0,0.21001089667527198,0.11502428653031199,0.2802463718908032,0.27542644531913024,-0.19549052410328155,0.09769712449784473,-0.17407007081462075,-0.29720390752206755,-0.27124220570785845,0.0012535563672440512,-0.4094917141183966
lagnat,-0.017237970396097545,0.07923466389376317,0.024932399755380995,0.21001089667527198,0.0,0.2756435698166312,0.04841121502865822,0.2836978289214843,0.05032012438737354,0.17292819611075144,0.31028593224692586,0.16498029635323258,-0.032998415054999355,0.24478815356595468,-0.4837617121106859
rashes,-0.2503403154588191,-0.1669089057411908,0.020955284900581177,0.11502428653031199,0.2756435698166312,0.0,0.21521856318687896,0.07114537027767825,-0.02925071482438758,0.2467341982032924,0.12043872998682252,-0.17979834152176477,0.13161727040100593,-0.036065144160128036,-0.057647799829914206
sipon,0.03536675398786654,0.1046335739265226,0.2307450209101875,0.2802463718908032,0.04841121502865822,0.21521856318687896,0.0,0.17697155985556628,-0.2648236817861235,0.1571724743029725,-0.1474936048739047,-0.19798231970001318,0.3717471534948882,-0.0663262090918559,-0.3427495231576546
ubo,0.0285938666145689,0.17326793971078305,0.11590395512008363,0.27542644531913024,0.2836978289214843,0.07114537027767825,0.17697155985556628,0.0,0.12091256469036814,-0.11165480953077464,0.029175942075052384,-0.09157143701067838,0.20613803663317212,0.24910064031739187,-0.1772979599957815
ecq,0.19288768038685938,-0.07284197011964225,-0.08126726007294258,-0.19549052410328155,0.05032012438737354,-0.02925071482438758,-0.2648236817861235,0.12091256469036814,0.0,0.12865562724214047,0.260023621733379,-0.06876446052579321,0.39113988412074363,0.21074893724376081,0.06501199706919711
face-shield,0.041470375019384186,0.17335112542346878,-0.10713365296380993,0.09769712449784473,0.17292819611075144,0.2467341982032924,0.1571724743029725,-0.11165480953077464,0.12865562724214047,0.0,0.23142040422721488,-0.1631318908595346,0.05039041987317139,0.01593974517537517,-0.049374027613125225
Frontliners,-0.2198681206920019,0.2668677625105374,-0.49558771740602137,-0.17407007081462075,0.31028593224692586,0.12043872998682252,-0.1474936048739047,0.029175942075052384,0.260023621733379,0.23142040422721488,0.0,0.1539773726433293,0.16849317139152684,0.39513561116069107,0.052501587534007355
masks,-0.11402912443012796,-0.07242210113987115,-0.1164948644885384,-0.29720390752206755,0.16498029635323258,-0.17979834152176477,-0.19798231970001318,-0.09157143701067838,-0.06876446052579321,-0.1631318908595346,0.1539773726433293,0.0,-0.19969665588081006,0.279679974876828,0.1060323568517001
Quarantine,0.09948955056056855,-0.01914405034993361,0.22324108805532442,-0.27124220570785845,-0.032998415054999355,0.13161727040100593,0.3717471534948882,0.20613803663317212,0.39113988412074363,0.05039041987317139,0.16849317139152684,-0.19969665588081006,0.0,-0.13036195294858935,-0.15242311787970392
social-distancing,-0.29166998344920164,0.36035315719790684,-0.3484734877658541,0.0012535563672440512,0.24478815356595468,-0.036065144160128036,-0.0663262090918559,0.24910064031739187,0.21074893724376081,0.01593974517537517,0.39513561116069107,0.279679974876828,-0.13036195294858935,0.0,-0.004750187500957092
work-from-home,-0.14154396479165432,-0.07497110329317065,-0.3542117689046444,-0.4094917141183966,-0.4837617121106859,-0.057647799829914206,-0.3427495231576546,-0.1772979599957815,0.06501199706919711,-0.049374027613125225,0.052501587534007355,0.1060323568517001,-0.15242311787970392,-0.004750187500957092,0.0
