,flu,cough,fever,headache,lagnat,rashes,sipon,ubo,ecq,face-shield,Frontliners,masks,Quarantine,social-distancing,work-from-home
flu,0.0,-0.017871117541635784,0.1614462504991083,0.06602050215346521,0.04927428348211199,0.17644437215019704,0.28428342049073013,0.15199751483763174,-0.08436772878436813,0.07196132431503396,-0.3241905655315826,-0.20068258661910912,-0.23047716848513466,-0.24381270052028325,-0.28467968048318076
cough,-0.017871117541635784,0.0,0.02112794048396634,-0.151261208262978,0.06325454145219496,-0.0756084601005418,-0.2443258181893914,-0.2149776883489805,0.21116496359008913,-0.0381365602022074,0.2732820757554985,-0.09643079940535096,0.06371758420807652,0.5346868829448987,-0.12675280105872327
fever,0.1614462504991083,0.02112794048396634,0.0,0.27417080990345266,-0.02523811134188111,0.14184732067935946,0.12373471318507766,-0.11960606492853865,-0.354836949918492,-0.20193938551959084,-0.5152410643454409,-0.1958221614393658,0.04263133883742774,-0.1459960904603186,-0.38886718111123264
headache,0.06602050215346521,-0.151261208262978,0.27417080990345266,0.0,0.20169595808174864,0.1053713535294467,0.34143223191572847,0.33599661408926107,-0.1796156689443393,0.06952616078224,-0.2931248740027638,-0.2843079502065783,-0.02501440803973024,-0.040557262825681846,-0.3151965598485239
lagnat,0.04927428348211199,0.06325454145219496,-0.02523811134188111,0.20169595808174864,0.0,0.24808228431707893,0.2085042103596428,-0.18680592410488964,-0.22662740343340082,0.16551536277194256,0.10804485356729633,-0.24430146497288013,-0.1573930278627767,0.17602545280199566,-0.36106439325556067
rashes,0.17644437215019704,-0.0756084601005418,0.14184732067935946,0.1053713535294467,0.24808228431707893,0.0,0.2125579599409785,-0.029152145075542472,0.19063452258141195,0.30604900692554926,-0.11840369300797483,-0.2910308295071521,0.2115597186251456,0.0743774914663684,-0.023696250562896114
sipon,0.28428342049073013,-0.2443258181893914,0.12373471318507766,0.34143223191572847,0.2085042103596428,0.2125579599409785,0.0,0.355105858145869,-0.1801654169932386,0.2940265402817985,-0.19518794695688366,-0.18993267952365703,0.038105041844444396,0.10530624012223035,-0.1844114592767174
ubo,0.15199751483763174,-0.2149776883489805,-0.11960606492853865,0.33599661408926107,-0.18680592410488964,-0.029152145075542472,0.355105858145869,0.0,0.12165143893443722,-0.0939657450446045,-0.06348047143494286,0.07719460477041046,0.1060596389913222,-0.08497261409592079,0.3026834974431145
ecq,-0.08436772878436813,0.21116496359008913,-0.354836949918492,-0.1796156689443393,-0.22662740343340082,0.19063452258141195,-0.1801654169932386,0.12165143893443722,0.0,0.1386342463200843,0.06665529312634356,0.0736550086375728,0.2774461293511054,0.07715310459923391,0.34475963665786574
face-shield,0.07196132431503396,-0.0381365602022074,-0.20193938551959084,0.06952616078224,0.16551536277194256,0.30604900692554926,0.2940265402817985,-0.0939657450446045,0.1386342463200843,0.0,0.02136621357889112,-0.1467244452477681,-0.11793838838033963,0.042559185507699424,-0.08068645245120273
Frontliners,-0.3241905655315826,0.2732820757554985,-0.5152410643454409,-0.2931248740027638,0.10804485356729633,-0.11840369300797483,-0.19518794695688366,-0.06348047143494286,0.06665529312634356,0.02136621357889112,0.0,0.14083530872949648,0.26551736158860983,0.3001314443486218,0.1577458874269019
masks,-0.20068258661910912,-0.09643079940535096,-0.1958221614393658,-0.2843079502065783,-0.24430146497288013,-0.2910308295071521,-0.18993267952365703,0.07719460477041046,0.0736550086375728,-0.1467244452477681,0.14083530872949648,0.0,0.2913394305990214,0.11470920039608654,0.2728642305820457
Quarantine,-0.23047716848513466,0.06371758420807652,0.04263133883742774,-0.02501440803973024,-0.1573930278627767,0.2115597186251456,0.038105041844444396,0.1060596389913222,0.2774461293511054,-0.11793838838033963,0.26551736158860983,0.2913394305990214,0.0,0.2643929161223479,0.14304043232858452
social-distancing,-0.24381270052028325,0.5346868829448987,-0.1459960904603186,-0.040557262825681846,0.17602545280199566,0.0743774914663684,0.10530624012223035,-0.08497261409592079,0.07715310459923391,0.042559185507699424,0.3001314443486218,0.11470920039608654,0.2643929161223479,0.0,-0.26913502715535853
work-from-home,-0.28467968048318076,-0.12675280105872327,-0.38886718111123264,-0.3151965598485239,-0.36106439325556067,-0.023696250562896114,-0.1844114592767174,0.3026834974431145,0.34475963665786574,-0.08068645245120273,0.1577458874269019,0.2728642305820457,0.14304043232858452,-0.26913502715535853,0.0
