,flu,cough,fever,headache,lagnat,rashes,sipon,ubo,ecq,face-shield,Frontliners,masks,Quarantine,social-distancing,work-from-home
flu,0.0,-0.05188858917210644,0.0789651606328496,0.01698041484623027,0.12425985839360533,-0.12657866898896533,0.10448824753738296,-0.08409037766622812,-0.08700906121191643,-0.4136144006608931,0.20904146202363522,-0.571644899734152,0.1252472715841295,-0.14811662399409115,-0.09640432368181234
cough,-0.05188858917210644,0.0,0.21922304849348886,-0.06846604341820772,0.07284136091763423,0.04493847101179581,0.3338544316236579,0.19756058969691526,-0.0716942176585395,-0.048047751422213424,-0.24094396227910775,0.09852872435774122,0.005434916316169726,-0.2478633608400792,0.11732605708942354
fever,0.0789651606328496,0.21922304849348886,0.0,0.07481542279729901,-0.22839014426479717,0.06584293619322845,0.46929272314879816,0.24936190244197334,0.24177336845725592,-0.431169199061932,-0.521288773765929,-0.016571183548598174,0.16743881694078477,-0.41723604851860707,-0.04645824211679048
headache,0.01698041484623027,-0.06846604341820772,0.07481542279729901,0.0,-0.29148208151679994,0.08092189655600951,0.24938053923331802,0.047484811716536623,0.27316233522198924,-0.22155053830272178,-0.07862340549199445,-0.2727579921361207,0.14240692597069718,0.0685039060664104,-0.1796012980849751
lagnat,0.12425985839360533,0.07284136091763423,-0.22839014426479717,-0.29148208151679994,0.0,0.09846273910646602,-0.010091741795411427,0.15075793341489455,0.30203167439970907,-0.10748417990936235,0.34557907771222435,-0.17063547175757648,0.2309705084833723,0.1814492149689908,0.2609792324705916
rashes,-0.12657866898896533,0.04493847101179581,0.06584293619322845,0.08092189655600951,0.09846273910646602,0.0,0.0566168919085111,0.018827804922338987,0.43179121069523746,-0.12937817040394334,-0.10215538408546482,-0.12607014142059828,0.2328701779340013,0.14786332431577914,0.089291264305079
sipon,0.10448824753738296,0.3338544316236579,0.46929272314879816,0.24938053923331802,-0.010091741795411427,0.0566168919085111,0.0,0.356132765689156,0.10832064421900754,-0.49041369557064446,-0.14925281880171223,-0.17943343776244575,0.16538553414224902,-0.16929619467332097,0.03214322534930162
ubo,-0.08409037766622812,0.19756058969691526,0.24936190244197334,0.047484811716536623,0.15075793341489455,0.018827804922338987,0.356132765689156,0.0,0.15208913854517214,0.17205107450652296,0.06605107953987349,-0.12145304424262146,0.3371058741865789,0.217038090837387,0.22689983122077542
ecq,-0.08700906121191643,-0.0716942176585395,0.24177336845725592,0.27316233522198924,0.30203167439970907,0.43179121069523746,0.10832064421900754,0.15208913854517214,0.0,-0.16570255540302153,-0.15048755873803105,-0.14643923422946978,0.7699193848391779,-0.08406983742515607,-0.15457932871197552
face-shield,-0.4136144006608931,-0.048047751422213424,-0.431169199061932,-0.22155053830272178,-0.10748417990936235,-0.12937817040394334,-0.49041369557064446,0.17205107450652296,-0.16570255540302153,0.0,0.1470304251143892,0.41890014042152973,0.028647783312983923,0.3200586811891188,0.18367808437401484
Frontliners,0.20904146202363522,-0.24094396227910775,-0.521288773765929,-0.07862340549199445,0.34557907771222435,-0.10215538408546482,-0.14925281880171223,0.06605107953987349,-0.15048755873803105,0.1470304251143892,0.0,-0.02913714012448458,-0.03340955977494088,0.3980212280574073,0.41713414904500373
masks,-0.571644899734152,0.09852872435774122,-0.016571183548598174,-0.2727579921361207,-0.17063547175757648,-0.12607014142059828,-0.17943343776244575,-0.12145304424262146,-0.14643923422946978,0.41890014042152973,-0.02913714012448458,0.0,-0.08564241232802502,0.10892626852905518,0.1491404186361785
Quarantine,0.1252472715841295,0.005434916316169726,0.16743881694078477,0.14240692597069718,0.2309705084833723,0.2328701779340013,0.16538553414224902,0.3371058741865789,0.7699193848391779,0.028647783312983923,-0.03340955977494088,-0.08564241232802502,0.0,0.05120672345704357,0.020758742994224758
social-distancing,-0.14811662399409115,-0.2478633608400792,-0.41723604851860707,0.0685039060664104,0.1814492149689908,0.14786332431577914,-0.16929619467332097,0.217038090837387,-0.08406983742515607,0.3200586811891188,0.3980212280574073,0.10892626852905518,0.05120672345704357,0.0,0.2555576266521255
work-from-home,-0.09640432368181234,0.11732605708942354,-0.04645824211679048,-0.1796012980849751,0.2609792324705916,0.089291264305079,0.03214322534930162,0.22689983122077542,-0.15457932871197552,0.18367808437401484,0.41713414904500373,0.1491404186361785,0.020758742994224758,0.2555576266521255,0.0
