,flu,cough,fever,headache,lagnat,rashes,sipon,ubo,ecq,face-shield,Frontliners,masks,Quarantine,social-distancing,work-from-home
flu,0.0,0.16304191210326568,0.2109201929414122,-0.012337599027735846,0.25477553576808437,-0.22995406739308386,0.02372592418679381,0.035061093545364796,0.02966697219180586,0.10692956740416522,-0.0298188794428012,0.03132277622204909,0.03779677936714497,-0.1269764666608707,0.12235719798681977
cough,0.16304191210326568,0.0,0.29732815902409565,-0.005536425344053053,0.3320482732117653,-0.02088389159837883,0.35637940929298734,0.2627709239019651,-0.03371001444130681,-0.18799890373084335,-0.1896963772972192,-0.04021416539832455,-0.013763417568958073,-0.051836100327152114,0.04974491227746252
fever,0.2109201929414122,0.29732815902409565,0.0,-0.06462251105620256,0.1403096537890366,0.03178091741900223,0.374784653230822,0.11647453761402363,0.14485133164973138,-0.21205816707680747,-0.03557831315961674,-0.12570196263883038,0.12105451307828728,-0.04461740143834108,0.3338226385454084
headache,-0.012337599027735846,-0.005536425344053053,-0.06462251105620256,0.0,0.08059049202949448,0.06660817275198712,0.03954312860687917,-0.10354983077829404,0.256951434636798,-0.2722178764070524,-0.1276282734277187,0.0179882381605907,0.14819277283395849,0.15860356267607484,-0.3630552420951514
lagnat,0.25477553576808437,0.3320482732117653,0.1403096537890366,0.08059049202949448,0.0,-0.016881067166240743,0.089589655062906,0.4176786519860333,0.26255500874340454,0.21955767295959688,0.03445402015661364,0.08747099251745799,0.300827357168162,0.0618522733496048,0.4331169723185692
rashes,-0.22995406739308386,-0.02088389159837883,0.03178091741900223,0.06660817275198712,-0.016881067166240743,0.0,0.06398944482108108,0.3267448248110197,0.33546658515518774,-0.25859141913216527,-0.2845991078107201,-0.2713679238197369,0.31946093482284926,-0.08853026464165781,-0.09004861157847004
sipon,0.02372592418679381,0.35637940929298734,0.374784653230822,0.03954312860687917,0.089589655062906,0.06398944482108108,0.0,0.21903965084326213,0.09165631118051261,-0.2255237789922403,-0.3101766327195984,-0.22808179336009007,0.016948240905249233,-0.2948537155659886,0.11527574609556411
ubo,0.035061093545364796,0.2627709239019651,0.11647453761402363,-0.10354983077829404,0.4176786519860333,0.3267448248110197,0.21903965084326213,0.0,0.002957042397323703,0.13711705691435513,-0.028939707110034907,-0.07700357122724902,0.14691410409391745,0.08580542955242261,0.3255338311985095
ecq,0.02966697219180586,-0.03371001444130681,0.14485133164973138,0.256951434636798,0.26255500874340454,0.33546658515518774,0.09165631118051261,0.002957042397323703,0.0,0.09746963183489657,-0.23215903063897558,-0.037314323737759954,0.6314914177322948,0.05880366433093833,-0.003297436117316102
face-shield,0.10692956740416522,-0.18799890373084335,-0.21205816707680747,-0.2722178764070524,0.21955767295959688,-0.25859141913216527,-0.2255237789922403,0.13711705691435513,0.09746963183489657,0.0,0.28731767126956,0.3798523847023858,0.19464704987433273,0.5076235681672514,0.23432856466228918
Frontliners,-0.0298188794428012,-0.1896963772972192,-0.03557831315961674,-0.1276282734277187,0.03445402015661364,-0.2845991078107201,-0.3101766327195984,-0.028939707110034907,-0.23215903063897558,0.28731767126956,0.0,0.3027757599756614,0.06999660209096475,0.5986047993322643,0.423083521355223
masks,0.03132277622204909,-0.04021416539832455,-0.12570196263883038,0.0179882381605907,0.08747099251745799,-0.2713679238197369,-0.22808179336009007,-0.07700357122724902,-0.037314323737759954,0.3798523847023858,0.3027757599756614,0.0,-0.21403525768333315,0.21839527522795385,0.18543495997684198
Quarantine,0.03779677936714497,-0.013763417568958073,0.12105451307828728,0.14819277283395849,0.300827357168162,0.31946093482284926,0.016948240905249233,0.14691410409391745,0.6314914177322948,0.19464704987433273,0.06999660209096475,-0.21403525768333315,0.0,0.3145053281031396,0.11557850285235316
social-distancing,-0.1269764666608707,-0.051836100327152114,-0.04461740143834108,0.15860356267607484,0.0618522733496048,-0.08853026464165781,-0.2948537155659886,0.08580542955242261,0.05880366433093833,0.5076235681672514,0.5986047993322643,0.21839527522795385,0.3145053281031396,0.0,0.17541457545774142
work-from-home,0.12235719798681977,0.04974491227746252,0.3338226385454084,-0.3630552420951514,0.4331169723185692,-0.09004861157847004,0.11527574609556411,0.3255338311985095,-0.003297436117316102,0.23432856466228918,0.423083521355223,0.18543495997684198,0.11557850285235316,0.17541457545774142,0.0
