,flu,cough,fever,headache,lagnat,rashes,sipon,ubo,ecq,face-shield,Frontliners,masks,Quarantine,social-distancing,work-from-home
flu,0.0,-0.38431293827617363,0.07554840496422832,-0.0016271774240819048,-0.12980572903493426,-0.155724067797998,-0.2824529828304128,-0.33005597234915246,0.24567473723356592,-0.1559351794667537,0.2598593455062876,-0.3480808685449124,-0.05106028416694313,-0.2451312211973731,0.1765594115726726
cough,-0.38431293827617363,0.0,-0.11849484752540333,-0.18675950729688715,-0.003466953394841015,0.08757647042617546,0.27984639612216167,0.14819182171985032,-0.08987634722486199,0.0034678656366614914,-0.17297432268685492,-0.03688888432893822,0.04615021203597356,0.14798288801684317,-0.043398797956886975
fever,0.07554840496422832,-0.11849484752540333,0.0,-0.12850427389704064,-0.0048759184690352775,-0.022056960244652094,0.09785724982309554,0.19331362339084165,0.18275149078427522,0.1481012287434106,-0.50539014571217,0.14684814506472668,0.35951334896716697,-0.340194506780103,-0.25500050601637214
headache,-0.0016271774240819048,-0.18675950729688715,-0.12850427389704064,0.0,0.11134094792293249,0.3522644255915086,0.1141982915684984,0.14909095389345534,0.0024526865255102693,0.16005305368655343,0.043424272267132906,-0.21279716601576928,-0.1057220500341199,0.14594519529417413,0.24294429109399926
lagnat,-0.12980572903493426,-0.003466953394841015,-0.0048759184690352775,0.11134094792293249,0.0,0.3919942855471928,0.08318309030806299,0.031237093803819973,0.023263958951652536,0.012427474506610851,0.19882738111353754,-0.05897141708930848,-0.07698716052587404,0.21138943366542956,-0.28776363947798156
rashes,-0.155724067797998,0.08757647042617546,-0.022056960244652094,0.3522644255915086,0.3919942855471928,0.0,0.20414014365822633,-0.11529331552273615,0.07623287285823514,0.165260349848739,-0.03825587029065556,-0.13566746619142023,0.07450602800233057,0.09977703591669862,-0.061144835393409536
sipon,-0.2824529828304128,0.27984639612216167,0.09785724982309554,0.1141982915684984,0.08318309030806299,0.20414014365822633,0.0,0.15074086129070202,-0.12417813023832862,0.22204860374137955,-0.1815365986224858,-0.11612804350454992,0.25110209240257797,0.0030633703216003394,-0.17538296081578908
ubo,-0.33005597234915246,0.14819182171985032,0.19331362339084165,0.14909095389345534,0.031237093803819973,-0.11529331552273615,0.15074086129070202,0.0,0.006542917349954431,0.008059004527448095,-0.06652838999309801,0.1190779903210763,0.18035921620114423,0.31567770960916414,-0.19722870582536628
ecq,0.24567473723356592,-0.08987634722486199,0.18275149078427522,0.0024526865255102693,0.023263958951652536,0.07623287285823514,-0.12417813023832862,0.006542917349954431,0.0,0.10160528341698069,0.0893124015287171,-0.13092096777933007,0.4625066327383055,0.17317508845681162,-0.08245395185682443
face-shield,-0.1559351794667537,0.0034678656366614914,0.1481012287434106,0.16005305368655343,0.012427474506610851,0.165260349848739,0.22204860374137955,0.008059004527448095,0.10160528341698069,0.0,-0.04069054089620859,-0.1978704054708038,0.2608453251228798,0.040466851285007155,-0.12357794692585353
Frontliners,0.2598593455062876,-0.17297432268685492,-0.50539014571217,0.043424272267132906,0.19882738111353754,-0.03825587029065556,-0.1815365986224858,-0.06652838999309801,0.0893124015287171,-0.04069054089620859,0.0,-0.08028506296353705,0.011016925555212827,0.4141531892163921,0.1552853043307939
masks,-0.3480808685449124,-0.03688888432893822,0.14684814506472668,-0.21279716601576928,-0.05897141708930848,-0.13566746619142023,-0.11612804350454992,0.1190779903210763,-0.13092096777933007,-0.1978704054708038,-0.08028506296353705,0.0,-0.14892483435210105,0.1473270564342374,-0.1454513409203236
Quarantine,-0.05106028416694313,0.04615021203597356,0.35951334896716697,-0.1057220500341199,-0.07698716052587404,0.07450602800233057,0.25110209240257797,0.18035921620114423,0.4625066327383055,0.2608453251228798,0.011016925555212827,-0.14892483435210105,0.0,0.04337769244828953,-0.15324197870871223
social-distancing,-0.2451312211973731,0.14798288801684317,-0.340194506780103,0.14594519529417413,0.21138943366542956,0.09977703591669862,0.0030633703216003394,0.31567770960916414,0.17317508845681162,0.040466851285007155,0.4141531892163921,0.1473270564342374,0.04337769244828953,0.0,0.03709815995800471
work-from-home,0.1765594115726726,-0.043398797956886975,-0.25500050601637214,0.24294429109399926,-0.28776363947798156,-0.061144835393409536,-0.17538296081578908,-0.19722870582536628,-0.08245395185682443,-0.12357794692585353,0.1552853043307939,-0.1454513409203236,-0.15324197870871223,0.03709815995800471,0.0
