,flu,cough,fever,headache,lagnat,rashes,sipon,ubo,ecq,face-shield,Frontliners,masks,Quarantine,social-distancing,work-from-home
flu,0.0,-0.20528778402754908,0.010202185961851738,-0.10833206455943475,-0.002563181422331134,0.04460588827136192,0.002458375981756463,0.013844331175880702,-0.21027656734469313,0.07273277374608318,-0.33241976088218145,-0.12300098229769058,-0.23014889708211964,-0.23773401463002805,-0.31792985818831127
cough,-0.20528778402754908,0.0,0.2526401379829584,0.14377857816394327,0.08601037415099036,0.08294608839185451,-0.10998251344371697,0.02906397134622813,0.4556047357901804,-0.13731715106931355,0.31926439124631173,-0.1199952385089651,0.17536135282531604,0.14975801023973945,0.014790471437572755
fever,0.010202185961851738,0.2526401379829584,0.0,0.4153040552873854,-0.06674451998841376,0.1764796776190228,0.22580134056112067,0.06592116521025325,0.060325497063914206,-0.1906534098979411,-0.35228659647807714,-0.16933933331542186,0.2365172562724375,-0.23120250038695206,-0.3060561089303913
headache,-0.10833206455943475,0.14377857816394327,0.4153040552873854,0.0,0.12912247871517182,0.13160318232976523,0.38411538412644747,0.45100118150969043,0.08596340502993761,0.059953972509130364,-0.05845453701489289,-0.18753658584475086,0.1328518077330416,-0.05534725519809839,-0.2930593156879469
lagnat,-0.002563181422331134,0.08601037415099036,-0.06674451998841376,0.12912247871517182,0.0,0.11146871661977016,0.1461128381925313,-0.20036259660313946,-0.12706027964114353,0.2741028067504969,0.08758776303292298,-0.13043557540943265,-0.15158422890209952,0.2719282970478243,-0.267588529283949
rashes,0.04460588827136192,0.08294608839185451,0.1764796776190228,0.13160318232976523,0.11146871661977016,0.0,0.24941507014187278,0.08762798811738066,0.28877134290743794,0.14854998948850653,0.00027049307627326804,-0.13055607510285333,0.3756000001274655,0.09324854444125018,-0.04242585818020823
sipon,0.002458375981756463,-0.10998251344371697,0.22580134056112067,0.38411538412644747,0.1461128381925313,0.24941507014187278,0.0,0.420237104176896,-0.03544008874116533,0.12737474406657726,-0.11272419971466095,-0.12031195719514066,0.2782078725075733,-0.03010716888794374,-0.029612347458300624
ubo,0.013844331175880702,0.02906397134622813,0.06592116521025325,0.45100118150969043,-0.20036259660313946,0.08762798811738066,0.420237104176896,0.0,0.236306211248096,-0.17924941739137626,-0.05429110706320791,0.14724645682137713,0.21235310397915946,-0.2888898978912854,0.28246568432620833
ecq,-0.21027656734469313,0.4556047357901804,0.060325497063914206,0.08596340502993761,-0.12706027964114353,0.28877134290743794,-0.03544008874116533,0.236306211248096,0.0,0.14650325595650424,0.26128673119219614,-0.1209083746914335,0.299947942855187,-0.13578568893950282,0.3553198877530581
face-shield,0.07273277374608318,-0.13731715106931355,-0.1906534098979411,0.059953972509130364,0.2741028067504969,0.14854998948850653,0.12737474406657726,-0.17924941739137626,0.14650325595650424,0.0,-0.057919025979090634,-0.05932574082684911,-0.03451014226394755,-0.029417836469779284,-0.02209462929212835
Frontliners,-0.33241976088218145,0.31926439124631173,-0.35228659647807714,-0.05845453701489289,0.08758776303292298,0.00027049307627326804,-0.11272419971466095,-0.05429110706320791,0.26128673119219614,-0.057919025979090634,0.0,-0.06340659037326682,0.14813767879042877,0.20625205067644314,0.14433889113806378
masks,-0.12300098229769058,-0.1199952385089651,-0.16933933331542186,-0.18753658584475086,-0.13043557540943265,-0.13055607510285333,-0.12031195719514066,0.14724645682137713,-0.1209083746914335,-0.05932574082684911,-0.06340659037326682,0.0,-0.01600133702582204,0.010940991505332306,0.24038326003933888
Quarantine,-0.23014889708211964,0.17536135282531604,0.2365172562724375,0.1328518077330416,-0.15158422890209952,0.3756000001274655,0.2782078725075733,0.21235310397915946,0.299947942855187,-0.03451014226394755,0.14813767879042877,-0.01600133702582204,0.0,0.17474259460376282,0.16830756835311073
social-distancing,-0.23773401463002805,0.14975801023973945,-0.23120250038695206,-0.05534725519809839,0.2719282970478243,0.09324854444125018,-0.03010716888794374,-0.2888898978912854,-0.13578568893950282,-0.029417836469779284,0.20625205067644314,0.010940991505332306,0.17474259460376282,0.0,-0.19675659349088911
work-from-home,-0.31792985818831127,0.014790471437572755,-0.3060561089303913,-0.2930593156879469,-0.267588529283949,-0.04242585818020823,-0.029612347458300624,0.28246568432620833,0.3553198877530581,-0.02209462929212835,0.14433889113806378,0.24038326003933888,0.16830756835311073,-0.19675659349088911,0.0
