,flu,cough,fever,headache,lagnat,rashes,sipon,ubo,ecq,face-shield,Frontliners,masks,Quarantine,social-distancing,work-from-home
flu,0.0,-0.35499254392211627,0.3222974327599912,0.3966766777588689,0.12490837495670827,0.02140308438666422,0.3254955672345613,0.1533079611795715,0.12646704597155806,0.22119706088310054,-0.49400589633786546,-0.2704328214605341,0.06407241590074607,-0.2572775599672963,-0.26824727917851493
cough,-0.35499254392211627,0.0,-0.40043275822523167,-0.09713589095939389,-0.04083403475073591,-0.17478299845947992,-0.1846952779198478,0.02567828879837644,0.023052996855165656,-0.005984731394189298,0.46211290539876243,0.002017982749462261,-0.16773158478002284,0.437613671956354,0.20600506328424653
fever,0.3222974327599912,-0.40043275822523167,0.0,0.2155684774732051,-0.025142190360658668,-0.06836125131237482,0.20913403731409028,0.08746607295999738,-0.1837189137419514,-0.16091927044974674,-0.5326667702605745,-0.0074932542264555535,0.10641567841186687,-0.40533554049562737,-0.29038831483198896
headache,0.3966766777588689,-0.09713589095939389,0.2155684774732051,0.0,0.3112954802271928,0.16999714618546344,0.4834214040209804,0.3129590249391358,-0.22697356286153803,0.07872372244587178,-0.251913880641403,-0.3803537059067756,-0.24616830133897846,-0.15787759531080195,-0.38600605226870394
lagnat,0.12490837495670827,-0.04083403475073591,-0.025142190360658668,0.3112954802271928,0.0,0.28894660310138903,0.13768697822139483,0.04103826335812046,-0.09529300594445206,0.17934518322982732,0.08868228939911733,0.057405572570230934,-0.21335183602665342,0.1352933864476435,-0.44544883530628127
rashes,0.02140308438666422,-0.17478299845947992,-0.06836125131237482,0.16999714618546344,0.28894660310138903,0.0,0.34798584674970773,0.05894219666174652,0.05517234335552955,0.34183176801226883,0.052244911559562214,-0.26441544299388975,0.0867628709326601,0.028469835874198247,0.009834844505974069
sipon,0.3254955672345613,-0.1846952779198478,0.20913403731409028,0.4834214040209804,0.13768697822139483,0.34798584674970773,0.0,0.49530578949138215,-0.18343735804088265,0.25194397104260735,-0.2820148754200285,-0.029540535670761054,0.11990100504140358,0.17980378966792046,-0.20150552283231316
ubo,0.1533079611795715,0.02567828879837644,0.08746607295999738,0.3129590249391358,0.04103826335812046,0.05894219666174652,0.49530578949138215,0.0,0.11217031247345621,-0.15822834682710096,0.006328601660927265,-0.05696513607566388,0.18778113654856543,0.1400119769282696,-0.00037788900249959766
ecq,0.12646704597155806,0.023052996855165656,-0.1837189137419514,-0.22697356286153803,-0.09529300594445206,0.05517234335552955,-0.18343735804088265,0.11217031247345621,0.0,0.15629461872151368,0.23391560951185697,-0.15734125047306505,0.4776223400927695,0.21985692212251629,0.06278748214982854
face-shield,0.22119706088310054,-0.005984731394189298,-0.16091927044974674,0.07872372244587178,0.17934518322982732,0.34183176801226883,0.25194397104260735,-0.15822834682710096,0.15629461872151368,0.0,0.030095908909731198,-0.21283663478933723,-0.06691191973101439,0.06580864741508524,-0.13230532094310152
Frontliners,-0.49400589633786546,0.46211290539876243,-0.5326667702605745,-0.251913880641403,0.08868228939911733,0.052244911559562214,-0.2820148754200285,0.006328601660927265,0.23391560951185697,0.030095908909731198,0.0,0.19704760577222227,0.2082372124720286,0.38293543335298064,0.14157309661946255
masks,-0.2704328214605341,0.002017982749462261,-0.0074932542264555535,-0.3803537059067756,0.057405572570230934,-0.26441544299388975,-0.029540535670761054,-0.05696513607566388,-0.15734125047306505,-0.21283663478933723,0.19704760577222227,0.0,0.07220886257850348,0.22390879680901538,0.0017106950068542558
Quarantine,0.06407241590074607,-0.16773158478002284,0.10641567841186687,-0.24616830133897846,-0.21335183602665342,0.0867628709326601,0.11990100504140358,0.18778113654856543,0.4776223400927695,-0.06691191973101439,0.2082372124720286,0.07220886257850348,0.0,-0.04366724888995866,0.1820651130329898
social-distancing,-0.2572775599672963,0.437613671956354,-0.40533554049562737,-0.15787759531080195,0.1352933864476435,0.028469835874198247,0.17980378966792046,0.1400119769282696,0.21985692212251629,0.06580864741508524,0.38293543335298064,0.22390879680901538,-0.04366724888995866,0.0,-0.0729196515682933
work-from-home,-0.26824727917851493,0.20600506328424653,-0.29038831483198896,-0.38600605226870394,-0.44544883530628127,0.009834844505974069,-0.20150552283231316,-0.00037788900249959766,0.06278748214982854,-0.13230532094310152,0.14157309661946255,0.0017106950068542558,0.1820651130329898,-0.0729196515682933,0.0
