,flu,cough,fever,headache,lagnat,rashes,sipon,ubo,ecq,face-shield,Frontliners,masks,Quarantine,social-distancing,work-from-home
flu,0.0,-0.0458263884472088,0.046068385930457915,-0.028565533021306003,0.019637219115185078,-0.24795121780707174,0.09739125276498438,-0.1807664627363363,0.017504555082633953,-0.3117624009291256,0.2614646457521125,-0.5765938047034289,0.1316284126003875,-0.19275215549552788,0.14014791571431326
cough,-0.0458263884472088,0.0,-0.019130936231222806,-0.006434906793725669,-0.00439489688412108,0.07439675552016271,0.24885722930943466,0.09235888958329262,-0.23796421097982018,-0.09327198623264582,-0.24887286420157684,-0.033833934487809636,-0.21297081623911232,-0.16788107117695225,-0.007700810440233707
fever,0.046068385930457915,-0.019130936231222806,0.0,-0.007086317358248027,-0.16361975906208548,-0.060550845445979586,0.2901439008879444,0.14539749350719589,0.23928667419118488,-0.13061794800663437,-0.49724380728221695,0.18249018925411248,0.3919979801554671,-0.4349908388817354,-0.07854196989978413
headache,-0.028565533021306003,-0.006434906793725669,-0.007086317358248027,0.0,-0.21992644487230717,0.2041262365634551,0.1819298813337825,0.29795694294824254,-0.0306791152731026,0.14226172219084157,0.14159315853200716,-0.25978536239243144,0.0022026178493403503,0.15640712928510753,0.1531796124874317
lagnat,0.019637219115185078,-0.00439489688412108,-0.16361975906208548,-0.21992644487230717,0.0,0.08629426330762496,-0.017856395253476303,0.03041063191024736,0.08474258085373382,-0.07359405107442599,0.3980308142830334,-0.024284646304925123,-0.04731692661751107,0.1515770859821031,-0.07704068593940697
rashes,-0.24795121780707174,0.07439675552016271,-0.060550845445979586,0.2041262365634551,0.08629426330762496,0.0,-0.024042360315693265,-0.23271308658567644,0.2136483915641245,-0.013851264567010678,-0.03321095075045026,0.02593877767853357,0.07676908873726442,0.21046405093110168,-0.0244048322549034
sipon,0.09739125276498438,0.24885722930943466,0.2901439008879444,0.1819298813337825,-0.017856395253476303,-0.024042360315693265,0.0,0.30311540331396675,-0.28999138400092017,-0.36474703966716304,-0.10077113120788418,-0.2262480964478967,-0.042455707092825014,-0.1578812080449268,0.08128204586431509
ubo,-0.1807664627363363,0.09235888958329262,0.14539749350719589,0.29795694294824254,0.03041063191024736,-0.23271308658567644,0.30311540331396675,0.0,0.02778272109255612,0.05156871283517318,0.06621416346025605,-0.02199996151479476,0.044061929949922383,0.2859811290584976,-0.1368210692903375
ecq,0.017504555082633953,-0.23796421097982018,0.23928667419118488,-0.0306791152731026,0.08474258085373382,0.2136483915641245,-0.28999138400092017,0.02778272109255612,0.0,0.36280105118321315,0.06659434961464743,-0.11826156353624742,0.7296378802015617,0.09392747651369567,-0.2574958055133398
face-shield,-0.3117624009291256,-0.09327198623264582,-0.13061794800663437,0.14226172219084157,-0.07359405107442599,-0.013851264567010678,-0.36474703966716304,0.05156871283517318,0.36280105118321315,0.0,-0.05451135054568739,0.23724754208056195,0.5427895088768754,0.21340887735647304,-0.3847052922070531
Frontliners,0.2614646457521125,-0.24887286420157684,-0.49724380728221695,0.14159315853200716,0.3980308142830334,-0.03321095075045026,-0.10077113120788418,0.06621416346025605,0.06659434961464743,-0.05451135054568739,0.0,-0.28351787383610644,-0.049332550518345085,0.39387122888454573,0.10388575183068703
masks,-0.5765938047034289,-0.033833934487809636,0.18249018925411248,-0.25978536239243144,-0.024284646304925123,0.02593877767853357,-0.2262480964478967,-0.02199996151479476,-0.11826156353624742,0.23724754208056195,-0.28351787383610644,0.0,-0.002406417148723738,0.037870335438427744,-0.2946472241527264
Quarantine,0.1316284126003875,-0.21297081623911232,0.3919979801554671,0.0022026178493403503,-0.04731692661751107,0.07676908873726442,-0.042455707092825014,0.044061929949922383,0.7296378802015617,0.5427895088768754,-0.049332550518345085,-0.002406417148723738,0.0,0.06495362971398837,-0.3202247062853139
social-distancing,-0.19275215549552788,-0.16788107117695225,-0.4349908388817354,0.15640712928510753,0.1515770859821031,0.21046405093110168,-0.1578812080449268,0.2859811290584976,0.09392747651369567,0.21340887735647304,0.39387122888454573,0.037870335438427744,0.06495362971398837,0.0,0.09035037063042724
work-from-home,0.14014791571431326,-0.007700810440233707,-0.07854196989978413,0.1531796124874317,-0.07704068593940697,-0.0244048322549034,0.08128204586431509,-0.1368210692903375,-0.2574958055133398,-0.3847052922070531,0.10388575183068703,-0.2946472241527264,-0.3202247062853139,0.09035037063042724,0.0
