,flu,cough,fever,headache,lagnat,rashes,sipon,ubo,ecq,face-shield,Frontliners,masks,Quarantine,social-distancing,work-from-home
flu,0.0,0.04555163589654515,0.06514522657331659,-0.08089015825149691,0.04343990453319587,-0.28674150025604195,0.13105395555296825,-0.13659069430849013,-0.12195373373518935,-0.4987401310510464,0.24991878988854788,-0.5300723200433403,-0.019793075998600952,-0.17951731697142603,0.13534065852944158
cough,0.04555163589654515,0.0,0.14654364100136066,-0.10024312203848272,-0.08425406109621754,0.04780756787662008,0.30357801033369197,0.15170778295288134,-0.21841534306492985,-0.13984692124881554,-0.3362506796399535,-0.12051485771960048,-0.19891069575852152,-0.216164527630525,0.02649530739894631
fever,0.06514522657331659,0.14654364100136066,0.0,-0.08029833585530813,-0.19040437793769258,-0.0796243529735762,0.33310457737654925,0.19628459508668739,0.19786735009892512,-0.22433729438203723,-0.5327598622293835,0.19877953698116752,0.3652451293793508,-0.4430501926527386,-0.060103847686401014
headache,-0.08089015825149691,-0.10024312203848272,-0.08029833585530813,0.0,-0.17427914117433824,0.20443979753905372,0.13844644640365963,0.2636799824033353,-0.06040905466854783,0.15120105126954475,0.1916033856325283,-0.22159566847463852,-0.03259793019260169,0.18906559040194232,0.133144682566585
lagnat,0.04343990453319587,-0.08425406109621754,-0.19040437793769258,-0.17427914117433824,0.0,0.10481554528993428,-0.0478397734214751,-0.0061990860185878755,0.16595153442065927,0.008283956040140525,0.4122892916739528,-0.08359102362484447,0.03574775918345737,0.15157708598210312,-0.07704068593940698
rashes,-0.28674150025604195,0.04780756787662008,-0.0796243529735762,0.20443979753905372,0.10481554528993428,0.0,-0.030904972549194394,-0.23171909853752257,0.2013538611761062,-0.040844847091202244,-0.015028378934111639,0.07325346679353414,0.04593721728040214,0.2265687406456361,-0.032044644401663755
sipon,0.13105395555296825,0.30357801033369197,0.33310457737654925,0.13844644640365963,-0.0478397734214751,-0.030904972549194394,0.0,0.3232407786537278,-0.3112987307703284,-0.40809129659425075,-0.14372448938923635,-0.27837659842133694,-0.044743961259966304,-0.18104543135081208,0.09240116234421952
ubo,-0.13659069430849013,0.15170778295288134,0.19628459508668739,0.2636799824033353,-0.0061990860185878755,-0.23171909853752257,0.3232407786537278,0.0,0.06450099101160572,0.06669072228058247,0.01797848002761951,-0.08644282378523226,0.09377761334940835,0.25236143841242914,-0.1205726379597074
ecq,-0.12195373373518935,-0.21841534306492985,0.19786735009892512,-0.06040905466854783,0.16595153442065927,0.2013538611761062,-0.3112987307703284,0.06450099101160572,0.0,0.23809914415893801,0.1140772163473927,0.08856108992316196,0.6630398871332123,0.16550685542018706,-0.313150925082343
face-shield,-0.4987401310510464,-0.13984692124881554,-0.22433729438203723,0.15120105126954475,0.008283956040140525,-0.040844847091202244,-0.40809129659425075,0.06669072228058247,0.23809914415893801,0.0,0.015231187483925093,0.5182935885782614,0.4330807178144956,0.3045681426549529,-0.45032691978837586
Frontliners,0.24991878988854788,-0.3362506796399535,-0.5327598622293835,0.1916033856325283,0.4122892916739528,-0.015028378934111639,-0.14372448938923635,0.01797848002761951,0.1140772163473927,0.015231187483925093,0.0,-0.31484639806020565,-0.002744338718222623,0.40456074576204315,0.09043037284300202
masks,-0.5300723200433403,-0.12051485771960048,0.19877953698116752,-0.22159566847463852,-0.08359102362484447,0.07325346679353414,-0.27837659842133694,-0.08644282378523226,0.08856108992316196,0.5182935885782614,-0.31484639806020565,0.0,0.28747396971079997,-0.006280695910528416,-0.30424713964471467
Quarantine,-0.019793075998600952,-0.19891069575852152,0.3652451293793508,-0.03259793019260169,0.03574775918345737,0.04593721728040214,-0.044743961259966304,0.09377761334940835,0.6630398871332123,0.4330807178144956,-0.002744338718222623,0.28747396971079997,0.0,0.1519232590990468,-0.4059360117053206
social-distancing,-0.17951731697142603,-0.216164527630525,-0.4430501926527386,0.18906559040194232,0.15157708598210312,0.2265687406456361,-0.18104543135081208,0.25236143841242914,0.16550685542018706,0.3045681426549529,0.40456074576204315,-0.006280695910528416,0.1519232590990468,0.0,0.09035037063042725
work-from-home,0.13534065852944158,0.02649530739894631,-0.060103847686401014,0.133144682566585,-0.07704068593940698,-0.032044644401663755,0.09240116234421952,-0.1205726379597074,-0.313150925082343,-0.45032691978837586,0.09043037284300202,-0.30424713964471467,-0.4059360117053206,0.09035037063042725,0.0
