,flu,cough,fever,headache,lagnat,rashes,sipon,ubo,ecq,face-shield,Frontliners,masks,Quarantine,social-distancing,work-from-home
flu,0.0,0.17832819580412868,0.09728101387097887,0.07117218022081337,0.26863840128446975,-0.34861637676644214,0.13920159825211764,-0.040812801848839876,-0.05768192445256595,0.08637699382277866,0.2549263352159788,-0.05018197742116721,-0.1033523334075825,-0.058777837135698015,0.1905660559006995
cough,0.17832819580412868,0.0,0.26202696914592954,0.025892909442668408,0.17750637334484337,0.096848248460084,0.3780448922842249,0.36635745575688655,-0.06521530388283003,-0.23785801068762552,-0.028966492788423785,-0.02045970350813927,0.027289345415440695,-0.09216110818021434,0.0468234032344457
fever,0.09728101387097887,0.26202696914592954,0.0,0.05088437686306602,-0.06546584273471338,-0.10609211135642144,0.5230754058376849,0.2634653706870396,0.040945700611740424,-0.08208798340624059,-0.19061429008556827,-0.056506678528460336,0.14766674478425135,-0.0721738037061054,0.26232129802403215
headache,0.07117218022081337,0.025892909442668408,0.05088437686306602,0.0,-0.11674304537490586,0.043435554527624876,0.19704599551236537,0.02037381250168676,0.18913281860487424,-0.2895787982033784,-0.04014713663496101,-0.07037126662812063,0.15597173894423388,0.0938154676124154,-0.297979465701142
lagnat,0.26863840128446975,0.17750637334484337,-0.06546584273471338,-0.11674304537490586,0.0,0.061526346101901844,0.16340600504056163,0.2465994842329827,0.16368661687157668,-0.19104109180022982,0.44716392273132216,-0.1762049937922516,0.20737052085317012,0.24159636207551474,0.41007666878062016
rashes,-0.34861637676644214,0.096848248460084,-0.10609211135642144,0.043435554527624876,0.061526346101901844,0.0,-0.04201213682804653,0.21417405489822333,0.39132181038508085,-0.011025984547828525,-0.09060715474421842,-0.16777387303164057,0.37651588182566936,0.13977643023237757,-0.08744510980045099
sipon,0.13920159825211764,0.3780448922842249,0.5230754058376849,0.19704599551236537,0.16340600504056163,-0.04201213682804653,0.0,0.35417526495849166,0.16367174499323528,-0.3393748746478893,0.05867929465286159,-0.13763730065104568,0.10369381450279279,-0.14221678006094804,0.2998328999039416
ubo,-0.040812801848839876,0.36635745575688655,0.2634653706870396,0.02037381250168676,0.2465994842329827,0.21417405489822333,0.35417526495849166,0.0,-0.07967899262165129,-0.08490843464097637,0.09600980597929692,-0.21625445303423196,0.10396673499910192,0.1538437298433834,0.38500618183096547
ecq,-0.05768192445256595,-0.06521530388283003,0.040945700611740424,0.18913281860487424,0.16368661687157668,0.39132181038508085,0.16367174499323528,-0.07967899262165129,0.0,0.3178160282540167,-0.2975054249428684,-0.06869887191657463,0.7173109908810789,0.006623427108019349,-0.13299966831294724
face-shield,0.08637699382277866,-0.23785801068762552,-0.08208798340624059,-0.2895787982033784,-0.19104109180022982,-0.011025984547828525,-0.3393748746478893,-0.08490843464097637,0.3178160282540167,0.0,-0.07463474634410674,0.3029841336636011,0.18307782831768227,0.23349498880989478,0.06316680147031688
Frontliners,0.2549263352159788,-0.028966492788423785,-0.19061429008556827,-0.04014713663496101,0.44716392273132216,-0.09060715474421842,0.05867929465286159,0.09600980597929692,-0.2975054249428684,-0.07463474634410674,0.0,0.07932168323360896,-0.25944987673929554,0.2698275289293703,0.5009487559975812
masks,-0.05018197742116721,-0.02045970350813927,-0.056506678528460336,-0.07037126662812063,-0.1762049937922516,-0.16777387303164057,-0.13763730065104568,-0.21625445303423196,-0.06869887191657463,0.3029841336636011,0.07932168323360896,0.0,-0.2008551763640669,0.06807160634825159,0.025645538149747574
Quarantine,-0.1033523334075825,0.027289345415440695,0.14766674478425135,0.15597173894423388,0.20737052085317012,0.37651588182566936,0.10369381450279279,0.10396673499910192,0.7173109908810789,0.18307782831768227,-0.25944987673929554,-0.2008551763640669,0.0,0.27506525961416944,-0.09442195125709486
social-distancing,-0.058777837135698015,-0.09216110818021434,-0.0721738037061054,0.0938154676124154,0.24159636207551474,0.13977643023237757,-0.14221678006094804,0.1538437298433834,0.006623427108019349,0.23349498880989478,0.2698275289293703,0.06807160634825159,0.27506525961416944,0.0,0.12760614415003216
work-from-home,0.1905660559006995,0.0468234032344457,0.26232129802403215,-0.297979465701142,0.41007666878062016,-0.08744510980045099,0.2998328999039416,0.38500618183096547,-0.13299966831294724,0.06316680147031688,0.5009487559975812,0.025645538149747574,-0.09442195125709486,0.12760614415003216,0.0
